9.255671822036379837e-01 6.111933436887230509e-02 0.000000000000000000e+00 8.291824352771367396e-03 0.000000000000000000e+00
9.052321616236930213e-01 6.727137798086876841e-02 0.000000000000000000e+00 7.152461119265945792e-03 0.000000000000000000e+00
8.763856232336613150e-01 7.517104066357603587e-02 0.000000000000000000e+00 6.175070487686258082e-03 0.000000000000000000e+00
8.478734625825194993e-01 8.305553320213665547e-02 0.000000000000000000e+00 5.911730442188416548e-03 0.000000000000000000e+00
8.288463448149934187e-01 8.971731916259474693e-02 0.000000000000000000e+00 6.859263917371362027e-03 0.000000000000000000e+00
8.197995719930903924e-01 9.486753519766796816e-02 0.000000000000000000e+00 8.989434441498661554e-03 0.000000000000000000e+00
8.124855909831011358e-01 9.993546468224745460e-02 0.000000000000000000e+00 1.199748801427865524e-02 0.000000000000000000e+00
7.999754650048099824e-01 1.078615703756230920e-01 0.000000000000000000e+00 1.574151591000735873e-02 0.000000000000000000e+00
7.797412849727671791e-01 1.210520758891269616e-01 0.000000000000000000e+00 2.002912290704278800e-02 0.000000000000000000e+00
7.512313778820102206e-01 1.402058483433120673e-01 0.000000000000000000e+00 2.462392996476480897e-02 0.000000000000000000e+00
7.151354231412035967e-01 1.646787797338521986e-01 0.000000000000000000e+00 2.947207743482368331e-02 0.000000000000000000e+00
6.734812427230789655e-01 1.932642745012354279e-01 0.000000000000000000e+00 3.463511990795967860e-02 0.000000000000000000e+00
6.289049695754755920e-01 2.245811225187842042e-01 0.000000000000000000e+00 4.010742404505608649e-02 0.000000000000000000e+00
5.836816696634785639e-01 2.571432382963612095e-01 0.000000000000000000e+00 4.574191456199179495e-02 0.000000000000000000e+00
5.393057551491106105e-01 2.894413749315260520e-01 0.000000000000000000e+00 5.127902644733582649e-02 0.000000000000000000e+00
4.966169204221147493e-01 3.201132098917937596e-01 0.000000000000000000e+00 5.642504097972503296e-02 0.000000000000000000e+00
4.561009014929945371e-01 3.481032915108118742e-01 0.000000000000000000e+00 6.093638136471106470e-02 0.000000000000000000e+00
4.181048856633891586e-01 3.727387678771235113e-01 0.000000000000000000e+00 6.467371264954308030e-02 0.000000000000000000e+00
3.829147056419820450e-01 3.937181105087976807e-01 0.000000000000000000e+00 6.761159958731492725e-02 0.000000000000000000e+00
3.507476696160067298e-01 4.110440045520817320e-01 0.000000000000000000e+00 6.981484032896895231e-02 0.000000000000000000e+00
3.217233582285001225e-01 4.249339264598390731e-01 0.000000000000000000e+00 7.140212026320214012e-02 0.000000000000000000e+00
2.958467623560129822e-01 4.357329829228774321e-01 0.000000000000000000e+00 7.251238663461362366e-02 0.000000000000000000e+00
2.730127533250388816e-01 4.438430091727805227e-01 0.000000000000000000e+00 7.328055040996546421e-02 0.000000000000000000e+00
2.530274095608248675e-01 4.496729062865866822e-01 0.000000000000000000e+00 7.382331736533374877e-02 0.000000000000000000e+00
2.356373813078287138e-01 4.536089123289165914e-01 0.000000000000000000e+00 7.423349270476597983e-02 0.000000000000000000e+00
2.205592285908737071e-01 4.560001415407491931e-01 0.000000000000000000e+00 7.458038119800391996e-02 0.000000000000000000e+00
2.075036180777952710e-01 4.571539061419440109e-01 0.000000000000000000e+00 7.491385759804244926e-02 0.000000000000000000e+00
1.961923973472396721e-01 4.573361592162336065e-01 0.000000000000000000e+00 7.526997559892899259e-02 0.000000000000000000e+00
1.863688473043604021e-01 4.567739352815684550e-01 0.000000000000000000e+00 7.567651159212698819e-02 0.000000000000000000e+00
1.778025648748242926e-01 4.556581841049585080e-01 0.000000000000000000e+00 7.615745740215804083e-02 0.000000000000000000e+00
1.702906902973711223e-01 4.541464526463054874e-01 0.000000000000000000e+00 7.673605944691633263e-02 0.000000000000000000e+00
1.636569581200474910e-01 4.523654272907711715e-01 0.000000000000000000e+00 7.743643359826425654e-02 0.000000000000000000e+00
1.577496445095462885e-01 4.504135198254535233e-01 0.000000000000000000e+00 7.828403042222763231e-02 0.000000000000000000e+00
1.524390949187812705e-01 4.483636400710117043e-01 0.000000000000000000e+00 7.930531433681027587e-02 0.000000000000000000e+00
1.476152212301351518e-01 4.462661880933032621e-01 0.000000000000000000e+00 8.052699994742755496e-02 0.000000000000000000e+00
1.431851561058163080e-01 4.441522128455152041e-01 0.000000000000000000e+00 8.197511108863199392e-02 0.000000000000000000e+00
1.390711406576689013e-01 4.420366309884258271e-01 0.000000000000000000e+00 8.367403650958865624e-02 0.000000000000000000e+00
1.352086572821733224e-01 4.399213951295916636e-01 0.000000000000000000e+00 8.564568118003941521e-02 0.000000000000000000e+00
1.315447886676514855e-01 4.377985153669337048e-01 0.000000000000000000e+00 8.790875689647470459e-02 0.000000000000000000e+00
1.280367754759676735e-01 4.356528582745914924e-01 0.000000000000000000e+00 9.047822065589536389e-02 0.000000000000000000e+00
1.246507399156405599e-01 4.334646749891531425e-01 0.000000000000000000e+00 9.336485772818553519e-02 0.000000000000000000e+00
1.213605435651206599e-01 4.312118264189237493e-01 0.000000000000000000e+00 9.657500311149463945e-02 0.000000000000000000e+00
1.181467547660221135e-01 4.288716848386827096e-01 0.000000000000000000e+00 1.001103926155195584e-01 0.000000000000000000e+00
1.149957006288401667e-01 4.264227046929184306e-01 0.000000000000000000e+00 1.039681428649222722e-01 0.000000000000000000e+00
1.118985898128281170e-01 4.238456617564925755e-01 0.000000000000000000e+00 1.081408554279806450e-01 0.000000000000000000e+00
1.088506940989329985e-01 4.211245685149636042e-01 0.000000000000000000e+00 1.126168447609227075e-01 0.000000000000000000e+00
1.058505841940104858e-01 4.182472837492245965e-01 0.000000000000000000e+00 1.173804794043656063e-01 0.000000000000000000e+00
1.028994202761729787e-01 4.152058402666332082e-01 0.000000000000000000e+00 1.224126276658614176e-01 0.000000000000000000e+00
1.000003004078252877e-01 4.119965245144655008e-01 0.000000000000000000e+00 1.276911882702909673e-01 0.000000000000000000e+00
9.715767129649800771e-02 4.086197449619847766e-01 0.000000000000000000e+00 1.331916858624602740e-01 0.000000000000000000e+00
9.437680746837437407e-02 4.050797318312427397e-01 0.000000000000000000e+00 1.388879039815224536e-01 0.000000000000000000e+00
9.166336374720254754e-02 4.013841107120496576e-01 0.000000000000000000e+00 1.447525287484652534e-01 0.000000000000000000e+00
8.902300156905698647e-02 3.975433908082262602e-01 0.000000000000000000e+00 1.507577791920404475e-01 0.000000000000000000e+00
8.646108985889491838e-02 3.935704046784836985e-01 0.000000000000000000e+00 1.568759975720922240e-01 0.000000000000000000e+00
8.398247838564566747e-02 3.894797369858555292e-01 0.000000000000000000e+00 1.630801803603111888e-01 0.000000000000000000e+00
8.159133786039809988e-02 3.852871627735451887e-01 0.000000000000000000e+00 1.693444357993701133e-01 0.000000000000000000e+00
7.929105888620775755e-02 3.810091255100373497e-01 0.000000000000000000e+00 1.756443580835861940e-01 0.000000000000000000e+00
7.708420345891495162e-02 3.766622633682957799e-01 0.000000000000000000e+00 1.819573125826567384e-01 0.000000000000000000e+00
7.497249823793041001e-02 3.722629995776107203e-01 0.000000000000000000e+00 1.882626347686517654e-01 0.000000000000000000e+00
7.295686187722359717e-02 3.678271975086431222e-01 0.000000000000000000e+00 1.945417470370323365e-01 0.000000000000000000e+00
7.103745750397935654e-02 3.633698844854331145e-01 0.000000000000000000e+00 2.007782013069341065e-01 0.000000000000000000e+00
6.921376229876619046e-02 3.589050416894406514e-01 0.000000000000000000e+00 2.069576577969099718e-01 0.000000000000000000e+00
6.748464798791391217e-02 3.544454553922388174e-01 0.000000000000000000e+00 2.130678101267830249e-01 0.000000000000000000e+00
6.584846619097989295e-02 3.500026229367108055e-01 0.000000000000000000e+00 2.190982717448066996e-01 0.000000000000000000e+00
6.430313427887249245e-02 3.455867064796682708e-01 0.000000000000000000e+00 2.250404315740406613e-01 0.000000000000000000e+00
6.284621857555913738e-02 3.412065273902727403e-01 0.000000000000000000e+00 2.308872902655642045e-01 0.000000000000000000e+00
6.147501196756514907e-02 3.368695932560293316e-01 0.000000000000000000e+00 2.366332864510761469e-01 0.000000000000000000e+00
6.018660475948008071e-02 3.325821513348370395e-01 0.000000000000000000e+00 2.422741213245490910e-01 0.000000000000000000e+00
5.897794742403599660e-02 3.283492600654549509e-01 0.000000000000000000e+00 2.478065862152075416e-01 0.000000000000000000e+00
5.784590556686342033e-02 3.241748760752556913e-01 0.000000000000000000e+00 2.532283986730702319e-01 0.000000000000000000e+00
5.678730671100191280e-02 3.200619480690126140e-01 0.000000000000000000e+00 2.585380509794858450e-01 0.000000000000000000e+00
5.579897921588920090e-02 3.160125166192557233e-01 0.000000000000000000e+00 2.637346716999759422e-01 0.000000000000000000e+00
5.487778384620298905e-02 3.120278157620269832e-01 0.000000000000000000e+00 2.688179035686998897e-01 0.000000000000000000e+00
5.402063936190155957e-02 3.081083724237443366e-01 0.000000000000000000e+00 2.737877963690744654e-01 0.000000000000000000e+00
5.322454180819782832e-02 3.042541030188475326e-01 0.000000000000000000e+00 2.786447158536016211e-01 0.000000000000000000e+00
5.248657940110128262e-02 3.004644059053124816e-01 0.000000000000000000e+00 2.833892672525663570e-01 0.000000000000000000e+00
5.180394270913366711e-02 2.967382477836682519e-01 0.000000000000000000e+00 2.880222321643798877e-01 0.000000000000000000e+00
5.117393130016335834e-02 2.930742438135959804e-01 0.000000000000000000e+00 2.925445182805141986e-01 0.000000000000000000e+00
5.059395772513219924e-02 2.894707291723266351e-01 0.000000000000000000e+00 2.969571220152953384e-01 0.000000000000000000e+00
5.006154870182984162e-02 2.859258266290858885e-01 0.000000000000000000e+00 3.012610979136041145e-01 0.000000000000000000e+00
4.957434482073573567e-02 2.824375045512125815e-01 0.000000000000000000e+00 3.054575379006065350e-01 0.000000000000000000e+00
4.913009825656841634e-02 2.790036295478677264e-01 0.000000000000000000e+00 3.095475573783546541e-01 0.000000000000000000e+00
4.872666985040922938e-02 2.756220121992872252e-01 0.000000000000000000e+00 3.135322872336494537e-01 0.000000000000000000e+00
4.836202506540921570e-02 2.722904464797177293e-01 0.000000000000000000e+00 3.174128691616231457e-01 0.000000000000000000e+00
4.803422951634320204e-02 2.690067416101179498e-01 0.000000000000000000e+00 3.211904550505370604e-01 0.000000000000000000e+00
4.774144382643710077e-02 2.657687499609480142e-01 0.000000000000000000e+00 3.248662086619241163e-01 0.000000000000000000e+00
4.748191867945262407e-02 2.625743899898406730e-01 0.000000000000000000e+00 3.284413086461703268e-01 0.000000000000000000e+00
4.725398940759009681e-02 2.594216632742814554e-01 0.000000000000000000e+00 3.319169519926086775e-01 0.000000000000000000e+00
4.705607099844370117e-02 2.563086679833188053e-01 0.000000000000000000e+00 3.352943578704978833e-01 0.000000000000000000e+00
4.688665282099326037e-02 2.532336086807943643e-01 0.000000000000000000e+00 3.385747717183347216e-01 0.000000000000000000e+00
4.674429356016744641e-02 2.501948015947118575e-01 0.000000000000000000e+00 3.417594671025116493e-01 0.000000000000000000e+00
4.662761655935917376e-02 2.471906788675619360e-01 0.000000000000000000e+00 3.448497484981977723e-01 0.000000000000000000e+00
4.653530521436169409e-02 2.442197884981830436e-01 0.000000000000000000e+00 3.478469516690484986e-01 0.000000000000000000e+00
4.646609865272913892e-02 2.412807931049336663e-01 0.000000000000000000e+00 3.507524436354837460e-01 0.000000000000000000e+00
4.641878755566201248e-02 2.383724660994496480e-01 0.000000000000000000e+00 3.535676214746577561e-01 0.000000000000000000e+00
4.639221037212377247e-02 2.354936882074439297e-01 0.000000000000000000e+00 3.562939083865414025e-01 0.000000000000000000e+00
4.638524957332702814e-02 2.326434406351548800e-01 0.000000000000000000e+00 3.589327500764128986e-01 0.000000000000000000e+00
4.639682835713760528e-02 2.298207981753140339e-01 0.000000000000000000e+00 3.614856101041588610e-01 0.000000000000000000e+00
4.642590755751272585e-02 2.270249222236212228e-01 0.000000000000000000e+00 3.639539639132576831e-01 0.000000000000000000e+00
4.647148270256397373e-02 2.242550536266552652e-01 0.000000000000000000e+00 3.663392923112667177e-01 0.000000000000000000e+00
4.653258125400634021e-02 2.215105050098004902e-01 0.000000000000000000e+00 3.686430749720556732e-01 0.000000000000000000e+00
4.660826014685851698e-02 2.187906525174799777e-01 0.000000000000000000e+00 3.708667820258491621e-01 0.000000000000000000e+00
4.669760351078500876e-02 2.160949289334299084e-01 0.000000000000000000e+00 3.730118673670967389e-01 0.000000000000000000e+00
4.679972058714211569e-02 2.134228164841416309e-01 0.000000000000000000e+00 3.750797607886839913e-01 0.000000000000000000e+00
4.691374381120091280e-02 2.107738396770202083e-01 0.000000000000000000e+00 3.770718598311192382e-01 0.000000000000000000e+00
4.703882707651792922e-02 2.081475601991285285e-01 0.000000000000000000e+00 3.789895241375503820e-01 0.000000000000000000e+00
4.717414398098853517e-02 2.055435703976871420e-01 0.000000000000000000e+00 3.808340673523562536e-01 0.000000000000000000e+00
4.731888669878327180e-02 2.029614884891757787e-01 0.000000000000000000e+00 3.826067515170998301e-01 0.000000000000000000e+00
4.747226469000602467e-02 2.004009541145507500e-01 0.000000000000000000e+00 3.843087817172491927e-01 0.000000000000000000e+00
4.763350338067285500e-02 1.978616241193862646e-01 0.000000000000000000e+00 3.859413002659020098e-01 0.000000000000000000e+00
4.780184336519603672e-02 1.953431700544129290e-01 0.000000000000000000e+00 3.875053840917767056e-01 0.000000000000000000e+00
4.797653945668321762e-02 1.928452751660133802e-01 0.000000000000000000e+00 3.890020402716551917e-01 0.000000000000000000e+00
4.815686023023164897e-02 1.903676320091465535e-01 0.000000000000000000e+00 3.904322035505699007e-01 0.000000000000000000e+00
4.834208735797144302e-02 1.879099411236073991e-01 0.000000000000000000e+00 3.917967355679420338e-01 0.000000000000000000e+00
4.853151502455782529e-02 1.854719096755700347e-01 0.000000000000000000e+00 3.930964233602359248e-01 0.000000000000000000e+00
4.872444965649250226e-02 1.830532508377752665e-01 0.000000000000000000e+00 3.943319797348320832e-01 0.000000000000000000e+00
4.892020983579153243e-02 1.806536837306418619e-01 0.000000000000000000e+00 3.955040439051653589e-01 0.000000000000000000e+00
4.911812631926548017e-02 1.782729331881797441e-01 0.000000000000000000e+00 3.966131834952469348e-01 0.000000000000000000e+00
4.931754172607772518e-02 1.759107299518060108e-01 0.000000000000000000e+00 3.976598964983574236e-01 0.000000000000000000e+00
4.951781067614534348e-02 1.735668112842000954e-01 0.000000000000000000e+00 3.986446143689088006e-01 0.000000000000000000e+00
4.971830003582281693e-02 1.712409219802105975e-01 0.000000000000000000e+00 3.995677062964519966e-01 0.000000000000000000e+00
4.991838941510370886e-02 1.689328150700826203e-01 0.000000000000000000e+00 4.004294825591001028e-01 0.000000000000000000e+00
5.011747125655812568e-02 1.666422528661952174e-01 0.000000000000000000e+00 4.012301995757568962e-01 0.000000000000000000e+00
5.031495130606002120e-02 1.643690083164492388e-01 0.000000000000000000e+00 4.019700658871414589e-01 0.000000000000000000e+00
5.051024907487657728e-02 1.621128659038620634e-01 0.000000000000000000e+00 4.026492471719987365e-01 0.000000000000000000e+00
5.070279830477755767e-02 1.598736226439401997e-01 0.000000000000000000e+00 4.032678716576466593e-01 0.000000000000000000e+00
5.089204778677425267e-02 1.576510899842658575e-01 0.000000000000000000e+00 4.038260376925980610e-01 0.000000000000000000e+00
5.107746180738167996e-02 1.554450944352752662e-01 0.000000000000000000e+00 4.043238191401913317e-01 0.000000000000000000e+00
5.125852087664742318e-02 1.532554786067678865e-01 0.000000000000000000e+00 4.047612722310261479e-01 0.000000000000000000e+00
5.143472242557902557e-02 1.510821023613823644e-01 0.000000000000000000e+00 4.051384425956298108e-01 0.000000000000000000e+00
5.160558149368866393e-02 1.489248435516371538e-01 0.000000000000000000e+00 4.054553713755966182e-01 0.000000000000000000e+00
5.177063108276765135e-02 1.467835988222793708e-01 0.000000000000000000e+00 4.057121016679298142e-01 0.000000000000000000e+00
5.192942332460882132e-02 1.446582846146364232e-01 0.000000000000000000e+00 4.059086861796079027e-01 0.000000000000000000e+00
5.208153002368124534e-02 1.425488370101242186e-01 0.000000000000000000e+00 4.060451923110379169e-01 0.000000000000000000e+00
5.222654336845663353e-02 1.404552124646109290e-01 0.000000000000000000e+00 4.061217090475707781e-01 0.000000000000000000e+00
5.236407661607616476e-02 1.383773880565000447e-01 0.000000000000000000e+00 4.061383531476263076e-01 0.000000000000000000e+00
5.249376434586294771e-02 1.363153612460965003e-01 0.000000000000000000e+00 4.060952741475802319e-01 0.000000000000000000e+00
5.261526347283396188e-02 1.342691502943343940e-01 0.000000000000000000e+00 4.059926604107493286e-01 0.000000000000000000e+00
5.272825366826516813e-02 1.322387935997190178e-01 0.000000000000000000e+00 4.058307438071358519e-01 0.000000000000000000e+00
5.283243782496153951e-02 1.302243492265974245e-01 0.000000000000000000e+00 4.056098041779194197e-01 0.000000000000000000e+00
5.292754244518127482e-02 1.282258943414451846e-01 0.000000000000000000e+00 4.053301732440919847e-01 0.000000000000000000e+00
5.301331784754082649e-02 1.262435245941808948e-01 0.000000000000000000e+00 4.049922383930895098e-01 0.000000000000000000e+00
5.308953866045667408e-02 1.242773534633619947e-01 0.000000000000000000e+00 4.045964458298817457e-01 0.000000000000000000e+00
5.315600405883884327e-02 1.223275112474254273e-01 0.000000000000000000e+00 4.041433044015187992e-01 0.000000000000000000e+00
5.321253783834083151e-02 1.203941438027321120e-01 0.000000000000000000e+00 4.036333874013911527e-01 0.000000000000000000e+00
5.325898846354195498e-02 1.184774114558136970e-01 0.000000000000000000e+00 4.030673336795997375e-01 0.000000000000000000e+00
5.329522896650598640e-02 1.165774877876777776e-01 0.000000000000000000e+00 4.024458495401755931e-01 0.000000000000000000e+00
5.332115698450506924e-02 1.146945583609281921e-01 0.000000000000000000e+00 4.017697091748305693e-01 0.000000000000000000e+00
5.333669450886299734e-02 1.128288192583543764e-01 0.000000000000000000e+00 4.010397552813403377e-01 0.000000000000000000e+00
5.334178763528863582e-02 1.109804755159784218e-01 0.000000000000000000e+00 4.002568991556160749e-01 0.000000000000000000e+00
5.333640617657142702e-02 1.091497395933334336e-01 0.000000000000000000e+00 3.994221191627666534e-01 0.000000000000000000e+00
5.332054318409948368e-02 1.073368299634886447e-01 0.000000000000000000e+00 3.985364602749977281e-01 0.000000000000000000e+00
5.329421455413602127e-02 1.055419696273970226e-01 0.000000000000000000e+00 3.976010322431913213e-01 0.000000000000000000e+00
5.325745838393566856e-02 1.037653844593004471e-01 0.000000000000000000e+00 3.966170078060528570e-01 0.000000000000000000e+00
5.321033432479441161e-02 1.020073015852510923e-01 0.000000000000000000e+00 3.955856208245286942e-01 0.000000000000000000e+00
5.315292284728431044e-02 1.002679479122737666e-01 0.000000000000000000e+00 3.945081628612456259e-01 0.000000000000000000e+00
5.308532441115528661e-02 9.854754858427546005e-02 0.000000000000000000e+00 3.933859802809831496e-01 0.000000000000000000e+00
5.300765871265338686e-02 9.684632562819350809e-02 0.000000000000000000e+00 3.922204710252985560e-01 0.000000000000000000e+00
5.292006374606947339e-02 9.516449650650578296e-02 0.000000000000000000e+00 3.910130812491267593e-01 0.000000000000000000e+00
5.282269489802268042e-02 9.350227270618670372e-02 0.000000000000000000e+00 3.897653017863438318e-01 0.000000000000000000e+00
5.271572391839774580e-02 9.185985841635606330e-02 0.000000000000000000e+00 3.884786635553101886e-01 0.000000000000000000e+00
5.259933792344034104e-02 9.023744935909092102e-02 0.000000000000000000e+00 3.871547335230003384e-01 0.000000000000000000e+00
5.247373835531267405e-02 8.863523162045816584e-02 0.000000000000000000e+00 3.857951102899521700e-01 0.000000000000000000e+00
5.233913994225915939e-02 8.705338075355069372e-02 0.000000000000000000e+00 3.844014203301032162e-01 0.000000000000000000e+00
5.219576963900920269e-02 8.549206061369336862e-02 0.000000000000000000e+00 3.829753135189754576e-01 0.000000000000000000e+00
5.204386550499945363e-02 8.395142254429958928e-02 0.000000000000000000e+00 3.815184582643750266e-01 0.000000000000000000e+00
5.188367561496762953e-02 8.243160456622661281e-02 0.000000000000000000e+00 3.800325369900158790e-01 0.000000000000000000e+00
5.171545698058101215e-02 8.093273065068716521e-02 0.000000000000000000e+00 3.785192416310375618e-01 0.000000000000000000e+00
5.153947450025711530e-02 7.945491020207175181e-02 0.000000000000000000e+00 3.769802699339311336e-01 0.000000000000000000e+00
5.135599992680711656e-02 7.799823763424200418e-02 0.000000000000000000e+00 3.754173213550747179e-01 0.000000000000000000e+00
5.116531077441140857e-02 7.656279185384835817e-02 0.000000000000000000e+00 3.738320920936848424e-01 0.000000000000000000e+00
5.096768931480823162e-02 7.514863593390436192e-02 0.000000000000000000e+00 3.722262713065260797e-01 0.000000000000000000e+00
5.076342152974904626e-02 7.375581686443444251e-02 0.000000000000000000e+00 3.706015369270480586e-01 0.000000000000000000e+00
5.055279626409824034e-02 7.238436554283481095e-02 0.000000000000000000e+00 3.689595526074893606e-01 0.000000000000000000e+00
5.033610427151417877e-02 7.103429668296648569e-02 0.000000000000000000e+00 3.673019640901381555e-01 0.000000000000000000e+00
5.011363731205220606e-02 6.970560871803749281e-02 0.000000000000000000e+00 3.656303957094226842e-01 0.000000000000000000e+00
4.988568724687687805e-02 6.839828375508397174e-02 0.000000000000000000e+00 3.639464468825772125e-01 0.000000000000000000e+00
4.965254529758549029e-02 6.711228807500524418e-02 0.000000000000000000e+00 3.622516896356979821e-01 0.000000000000000000e+00
4.941450132702331077e-02 6.584757230018375984e-02 0.000000000000000000e+00 3.605476662517078656e-01 0.000000000000000000e+00
4.917184309764022210e-02 6.460407166309645177e-02 0.000000000000000000e+00 3.588358862884998834e-01 0.000000000000000000e+00
4.892485555793190527e-02 6.338170629695830116e-02 0.000000000000000000e+00 3.571178238559566398e-01 0.000000000000000000e+00
4.867382021926010965e-02 6.218038160448939589e-02 0.000000000000000000e+00 3.553949158813283216e-01 0.000000000000000000e+00
4.841901467511955381e-02 6.099998873255389753e-02 0.000000000000000000e+00 3.536685607749492366e-01 0.000000000000000000e+00
4.816071199306489609e-02 5.984040508686270382e-02 0.000000000000000000e+00 3.519401165507010654e-01 0.000000000000000000e+00
4.789918027456990801e-02 5.870149489034973828e-02 0.000000000000000000e+00 3.502108996197361712e-01 0.000000000000000000e+00
4.763468215070530698e-02 5.758310965050351948e-02 0.000000000000000000e+00 3.484821828735958360e-01 0.000000000000000000e+00
4.736747441529456232e-02 5.648508876477737611e-02 0.000000000000000000e+00 3.467551951199754345e-01 0.000000000000000000e+00
4.709780777338386931e-02 5.540726014847639075e-02 0.000000000000000000e+00 3.450311207082788489e-01 0.000000000000000000e+00
4.682592657685115400e-02 5.434944083573872708e-02 0.000000000000000000e+00 3.433110989103450028e-01 0.000000000000000000e+00
4.655206841859694383e-02 5.331143758049939479e-02 0.000000000000000000e+00 3.415962231066820842e-01 0.000000000000000000e+00
4.627646382030330824e-02 5.229304739782959094e-02 0.000000000000000000e+00 3.398875397808397980e-01 0.000000000000000000e+00
4.599933620805497086e-02 5.129405834274038817e-02 0.000000000000000000e+00 3.381860496328162879e-01 0.000000000000000000e+00
4.572090173388093648e-02 5.031425010261170172e-02 0.000000000000000000e+00 3.364927073693806392e-01 0.000000000000000000e+00
4.544136918010201892e-02 4.935339466452762919e-02 0.000000000000000000e+00 3.348084220106861131e-01 0.000000000000000000e+00
4.516093999432769374e-02 4.841125691240888429e-02 0.000000000000000000e+00 3.331340570171625326e-01 0.000000000000000000e+00
4.487980798426248474e-02 4.748759517247674172e-02 0.000000000000000000e+00 3.314704303723663426e-01 0.000000000000000000e+00
4.459815939219614889e-02 4.658216190979880961e-02 0.000000000000000000e+00 3.298183155215596574e-01 0.000000000000000000e+00
4.431617288295038731e-02 4.569470430728084231e-02 0.000000000000000000e+00 3.281784418373181467e-01 0.000000000000000000e+00
4.403401954180109074e-02 4.482496482451616554e-02 0.000000000000000000e+00 3.265514953177381385e-01 0.000000000000000000e+00
4.375186291273223255e-02 4.397268176645272031e-02 0.000000000000000000e+00 3.249381193646235233e-01 0.000000000000000000e+00
4.346985939293712686e-02 4.313758998205449724e-02 0.000000000000000000e+00 3.233389168604068886e-01 0.000000000000000000e+00
4.318815799526776189e-02 4.231942123462305999e-02 0.000000000000000000e+00 3.217544499057903851e-01 0.000000000000000000e+00
4.290690042359505962e-02 4.151790471195623139e-02 0.000000000000000000e+00 3.201852407773397857e-01 0.000000000000000000e+00
4.262622123628025811e-02 4.073276756997795678e-02 0.000000000000000000e+00 3.186317731988621005e-01 0.000000000000000000e+00
4.234624796201023889e-02 3.996373536212077804e-02 0.000000000000000000e+00 3.170944932981037967e-01 0.000000000000000000e+00
4.206710134714554405e-02 3.921053259559951348e-02 0.000000000000000000e+00 3.155738115892296469e-01 0.000000000000000000e+00
4.178889555579717863e-02 3.847288310654079641e-02 0.000000000000000000e+00 3.140701036022501280e-01 0.000000000000000000e+00
4.151173822422207088e-02 3.775051040612047160e-02 0.000000000000000000e+00 3.125837105988737430e-01 0.000000000000000000e+00
4.123573056297693412e-02 3.704313808643561190e-02 0.000000000000000000e+00 3.111149410350197986e-01 0.000000000000000000e+00
4.096096757002200967e-02 3.635049019988555175e-02 0.000000000000000000e+00 3.096640717301122336e-01 0.000000000000000000e+00
4.068753825555768838e-02 3.567229163349272536e-02 0.000000000000000000e+00 3.082313494293074663e-01 0.000000000000000000e+00
4.041552583069377841e-02 3.500826843415249384e-02 0.000000000000000000e+00 3.068169920189943167e-01 0.000000000000000000e+00
4.014500787468808229e-02 3.435814805512578396e-02 0.000000000000000000e+00 3.054211892208808510e-01 0.000000000000000000e+00
3.987605661662849826e-02 3.372165965536381982e-02 0.000000000000000000e+00 3.040441039582951199e-01 0.000000000000000000e+00
3.960873895630792618e-02 3.309853435212731232e-02 0.000000000000000000e+00 3.026858735239991716e-01 0.000000000000000000e+00
3.934311673215564603e-02 3.248850546314638321e-02 0.000000000000000000e+00 3.013466105417476060e-01 0.000000000000000000e+00
3.907924692836865083e-02 3.189130873268190836e-02 0.000000000000000000e+00 3.000264046311120758e-01 0.000000000000000000e+00
3.881718181188335143e-02 3.130668255341677308e-02 0.000000000000000000e+00 2.987253231287299027e-01 0.000000000000000000e+00
3.855696915204414460e-02 3.073436812099961460e-02 0.000000000000000000e+00 2.974434122405411052e-01 0.000000000000000000e+00
3.829865251930180542e-02 3.017410961322286936e-02 0.000000000000000000e+00 2.961806981129948002e-01 0.000000000000000000e+00
3.804227130532109730e-02 2.962565435028782779e-02 0.000000000000000000e+00 2.949371878787210299e-01 0.000000000000000000e+00
3.778786097240553754e-02 2.908875293799932996e-02 0.000000000000000000e+00 2.937128708894169993e-01 0.000000000000000000e+00
3.753545319452106233e-02 2.856315937547068001e-02 0.000000000000000000e+00 2.925077193349049920e-01 0.000000000000000000e+00
3.728507603477170668e-02 2.804863115212696476e-02 0.000000000000000000e+00 2.913216890773409617e-01 0.000000000000000000e+00
3.703675411838636133e-02 2.754492935455731678e-02 0.000000000000000000e+00 2.901547209032735442e-01 0.000000000000000000e+00
3.679050889333255331e-02 2.705181875166785821e-02 0.000000000000000000e+00 2.890067414060268902e-01 0.000000000000000000e+00
3.654635871222244869e-02 2.656906787632395267e-02 0.000000000000000000e+00 2.878776639130926629e-01 0.000000000000000000e+00
3.630431896479041631e-02 2.609644907949076886e-02 0.000000000000000000e+00 2.867673891708290013e-01 0.000000000000000000e+00
3.606440224224586460e-02 2.563373857009961995e-02 0.000000000000000000e+00 2.856758061636434642e-01 0.000000000000000000e+00
3.582661849557277484e-02 2.518071647150871284e-02 0.000000000000000000e+00 2.846027928956294528e-01 0.000000000000000000e+00
3.559097515893223929e-02 2.473716681627995129e-02 0.000000000000000000e+00 2.835482170170741667e-01 0.000000000000000000e+00
3.535747736515765238e-02 2.430287758305925416e-02 0.000000000000000000e+00 2.825119364970622993e-01 0.000000000000000000e+00
3.512612803129081668e-02 2.387764071944877692e-02 0.000000000000000000e+00 2.814938005978054325e-01 0.000000000000000000e+00
3.489692795586941954e-02 2.346125215119663696e-02 0.000000000000000000e+00 2.804936503703140405e-01 0.000000000000000000e+00
3.466987596379841191e-02 2.305351177054858897e-02 0.000000000000000000e+00 2.795113192713002404e-01 0.000000000000000000e+00
3.444496902479697586e-02 2.265422343277003966e-02 0.000000000000000000e+00 2.785466337625753797e-01 0.000000000000000000e+00
3.422220235700054736e-02 2.226319494475948249e-02 0.000000000000000000e+00 2.775994139168524444e-01 0.000000000000000000e+00
3.400156957148058740e-02 2.188023804392964441e-02 0.000000000000000000e+00 2.766694739883617249e-01 0.000000000000000000e+00
3.378306278994890055e-02 2.150516835865384085e-02 0.000000000000000000e+00 2.757566227083185773e-01 0.000000000000000000e+00
3.356667269194801156e-02 2.113780538571701298e-02 0.000000000000000000e+00 2.748606637991015678e-01 0.000000000000000000e+00
3.335238862696707218e-02 2.077797247758882832e-02 0.000000000000000000e+00 2.739813967122953775e-01 0.000000000000000000e+00
3.314019871610389412e-02 2.042549679225242124e-02 0.000000000000000000e+00 2.731186169335212965e-01 0.000000000000000000e+00
3.293008992844436572e-02 2.008020924984074002e-02 0.000000000000000000e+00 2.722721163167933778e-01 0.000000000000000000e+00
3.272204818025810369e-02 1.974194449450668992e-02 0.000000000000000000e+00 2.714416837244584824e-01 0.000000000000000000e+00
3.251605843015725056e-02 1.941054084171402183e-02 0.000000000000000000e+00 2.706271051135037409e-01 0.000000000000000000e+00
3.231210473326145971e-02 1.908584026264488129e-02 0.000000000000000000e+00 2.698281641496483862e-01 0.000000000000000000e+00
3.211017031496323643e-02 1.876768826438868568e-02 0.000000000000000000e+00 2.690446422050050135e-01 0.000000000000000000e+00
3.191023763308038080e-02 1.845593388190322481e-02 0.000000000000000000e+00 2.682763188108717167e-01 0.000000000000000000e+00
3.171228844804712538e-02 1.815042961704573313e-02 0.000000000000000000e+00 2.675229720693730884e-01 0.000000000000000000e+00
3.151630389610263899e-02 1.785103141003943975e-02 0.000000000000000000e+00 2.667843789751124794e-01 0.000000000000000000e+00
3.132226455966864026e-02 1.755759854957257213e-02 0.000000000000000000e+00 2.660603156274163328e-01 0.000000000000000000e+00
3.113015051342276143e-02 1.726999362480930583e-02 0.000000000000000000e+00 2.653505575070492783e-01 0.000000000000000000e+00
3.093994137338590064e-02 1.698808247511714858e-02 0.000000000000000000e+00 2.646548797334116188e-01 0.000000000000000000e+00
3.075161633493018326e-02 1.671173411474270731e-02 0.000000000000000000e+00 2.639730571696652928e-01 0.000000000000000000e+00
3.056515419840149725e-02 1.644082064864048690e-02 0.000000000000000000e+00 2.633048640472128166e-01 0.000000000000000000e+00
3.038053347837769286e-02 1.617521725929237791e-02 0.000000000000000000e+00 2.626500751269714717e-01 0.000000000000000000e+00
3.019773241870703576e-02 1.591480213399923752e-02 0.000000000000000000e+00 2.620084656001250289e-01 0.000000000000000000e+00
3.001672903074908277e-02 1.565945640370642461e-02 0.000000000000000000e+00 2.613798112366758075e-01 0.000000000000000000e+00
2.983750113911778565e-02 1.540906407884860829e-02 0.000000000000000000e+00 2.607638885529880435e-01 0.000000000000000000e+00
2.966002641712085774e-02 1.516351201359524350e-02 0.000000000000000000e+00 2.601604749590517018e-01 0.000000000000000000e+00
2.948428240908423925e-02 1.492268981025216684e-02 0.000000000000000000e+00 2.595693488195840448e-01 0.000000000000000000e+00
2.931024651477471057e-02 1.468648974160380490e-02 0.000000000000000000e+00 2.589902890882925246e-01 0.000000000000000000e+00
2.913789608569984993e-02 1.445480673025940563e-02 0.000000000000000000e+00 2.584230759498277186e-01 0.000000000000000000e+00
2.896720843696427503e-02 1.422753828897337612e-02 0.000000000000000000e+00 2.578674911529915681e-01 0.000000000000000000e+00
2.879816089487478165e-02 1.400458446974393346e-02 0.000000000000000000e+00 2.573233179311988916e-01 0.000000000000000000e+00
2.863073080035431761e-02 1.378584778794562579e-02 0.000000000000000000e+00 2.567903410269278819e-01 0.000000000000000000e+00
2.846489554063045754e-02 1.357123317378724006e-02 0.000000000000000000e+00 2.562683468455664859e-01 0.000000000000000000e+00
2.830063257525648399e-02 1.336064790243383926e-02 0.000000000000000000e+00 2.557571235477109073e-01 0.000000000000000000e+00
2.813791938433215026e-02 1.315400155409713473e-02 0.000000000000000000e+00 2.552564604587094221e-01 0.000000000000000000e+00
2.797673357175206599e-02 1.295120594599019279e-02 0.000000000000000000e+00 2.547661489175109262e-01 0.000000000000000000e+00
2.781705289623287447e-02 1.275217507037297061e-02 0.000000000000000000e+00 2.542859822091783073e-01 0.000000000000000000e+00
2.765885522745364922e-02 1.255682509607962752e-02 0.000000000000000000e+00 2.538157555012556799e-01 0.000000000000000000e+00
2.750211851031469576e-02 1.236507426470574537e-02 0.000000000000000000e+00 2.533552660538901380e-01 0.000000000000000000e+00
2.734682088834342745e-02 1.217684285211952794e-02 0.000000000000000000e+00 2.529043131774261766e-01 0.000000000000000000e+00
2.719294069762522373e-02 1.199205313291026344e-02 0.000000000000000000e+00 2.524626983065376140e-01 0.000000000000000000e+00
2.704045639765103107e-02 1.181062929496497216e-02 0.000000000000000000e+00 2.520302244197119013e-01 0.000000000000000000e+00
2.688934664324478530e-02 1.163249742090842823e-02 0.000000000000000000e+00 2.516066966167478380e-01 0.000000000000000000e+00
2.673959030833291534e-02 1.145758542980810681e-02 0.000000000000000000e+00 2.511919222696219478e-01 0.000000000000000000e+00
2.659116648187656931e-02 1.128582304227816920e-02 0.000000000000000000e+00 2.507857108956126346e-01 0.000000000000000000e+00
2.644405447517776328e-02 1.111714174720227800e-02 0.000000000000000000e+00 2.503878744672370371e-01 0.000000000000000000e+00
2.629823383337772172e-02 1.095147473887755039e-02 0.000000000000000000e+00 2.499982272735508937e-01 0.000000000000000000e+00
2.615368435061246957e-02 1.078875687209151883e-02 0.000000000000000000e+00 2.496165857767279617e-01 0.000000000000000000e+00
2.601038602334051000e-02 1.062892460006975917e-02 0.000000000000000000e+00 2.492427682447282411e-01 0.000000000000000000e+00
2.586831908818306228e-02 1.047191594888974980e-02 0.000000000000000000e+00 2.488765950225310941e-01 0.000000000000000000e+00
2.572746406746421327e-02 1.031767049345630634e-02 0.000000000000000000e+00 2.485178889186800688e-01 0.000000000000000000e+00
2.558780175711146757e-02 1.016612931206613973e-02 0.000000000000000000e+00 2.481664749655564384e-01 0.000000000000000000e+00
2.544931321645256192e-02 1.001723493578907977e-02 0.000000000000000000e+00 2.478221804384102001e-01 0.000000000000000000e+00
2.531197965263613792e-02 9.870931326483801255e-03 0.000000000000000000e+00 2.474848348971734335e-01 0.000000000000000000e+00
2.517578259526745063e-02 9.727163837726328019e-03 0.000000000000000000e+00 2.471542704243427646e-01 0.000000000000000000e+00
2.504070383315713105e-02 9.585879175329410987e-03 0.000000000000000000e+00 2.468303210330118624e-01 0.000000000000000000e+00
2.490672539488415771e-02 9.447025288435488555e-03 0.000000000000000000e+00 2.465128226189675642e-01 0.000000000000000000e+00
2.477382961001419262e-02 9.310551488610908921e-03 0.000000000000000000e+00 2.462016136199480232e-01 0.000000000000000000e+00
2.464199907853050625e-02 9.176408292541812436e-03 0.000000000000000000e+00 2.458965346488997117e-01 0.000000000000000000e+00
2.451121668290848904e-02 9.044547433352284616e-03 0.000000000000000000e+00 2.455974285431771487e-01 0.000000000000000000e+00
2.438146555699486837e-02 8.914921829273227474e-03 0.000000000000000000e+00 2.453041403490361372e-01 0.000000000000000000e+00
2.425272909024480533e-02 8.787485550879504601e-03 0.000000000000000000e+00 2.450165173008481412e-01 0.000000000000000000e+00
2.412499095345058825e-02 8.662193785739853713e-03 0.000000000000000000e+00 2.447344087315760086e-01 0.000000000000000000e+00
2.399823506266364481e-02 8.539002801910503676e-03 0.000000000000000000e+00 2.444576659535473151e-01 0.000000000000000000e+00
2.387244564905906599e-02 8.417869947223733176e-03 0.000000000000000000e+00 2.441861425871344193e-01 0.000000000000000000e+00
2.374760714996786495e-02 8.298753531395714617e-03 0.000000000000000000e+00 2.439196943125075678e-01 0.000000000000000000e+00
2.362370436819166003e-02 8.181612965702255574e-03 0.000000000000000000e+00 2.436581789852333424e-01 0.000000000000000000e+00
2.350072233489302123e-02 8.066408598957651443e-03 0.000000000000000000e+00 2.434014565288439569e-01 0.000000000000000000e+00
2.337864628262106836e-02 7.953101733251248529e-03 0.000000000000000000e+00 2.431493890046226292e-01 0.000000000000000000e+00
2.325746173310621820e-02 7.841654571831144921e-03 0.000000000000000000e+00 2.429018404766754846e-01 0.000000000000000000e+00
2.313715445822936423e-02 7.732030298909825690e-03 0.000000000000000000e+00 2.426586767877733364e-01 0.000000000000000000e+00
2.301771050921599254e-02 7.624192878145362971e-03 0.000000000000000000e+00 2.424197659967365359e-01 0.000000000000000000e+00
2.289911620136832540e-02 7.518107181653743698e-03 0.000000000000000000e+00 2.421849782193332690e-01 0.000000000000000000e+00
2.278135811179080386e-02 7.413738907654872715e-03 0.000000000000000000e+00 2.419541855175539047e-01 0.000000000000000000e+00
2.266442308719347765e-02 7.311054568470714068e-03 0.000000000000000000e+00 2.417272619527023048e-01 0.000000000000000000e+00
2.254829819044799552e-02 7.210021463410148414e-03 0.000000000000000000e+00 2.415040835643029460e-01 0.000000000000000000e+00
2.243297069442889979e-02 7.110607659412434070e-03 0.000000000000000000e+00 2.412845283024214471e-01 0.000000000000000000e+00
2.231842813586475821e-02 7.012781969875999007e-03 0.000000000000000000e+00 2.410684758181747545e-01 0.000000000000000000e+00
2.220465830305683175e-02 6.916513936415990757e-03 0.000000000000000000e+00 2.408558077480183190e-01 0.000000000000000000e+00
2.209164922990464533e-02 6.821773808553558034e-03 0.000000000000000000e+00 2.406464076325930401e-01 0.000000000000000000e+00
2.197938919225748966e-02 6.728532527807593380e-03 0.000000000000000000e+00 2.404401608938959156e-01 0.000000000000000000e+00
2.186786670538824751e-02 6.636761708048809390e-03 0.000000000000000000e+00 2.402369547937510952e-01 0.000000000000000000e+00
2.175707051944047316e-02 6.546433613128659762e-03 0.000000000000000000e+00 2.400366784135760378e-01 0.000000000000000000e+00
2.164698957092706794e-02 6.457521163046095643e-03 0.000000000000000000e+00 2.398392226444445441e-01 0.000000000000000000e+00
2.153761303386898460e-02 6.369997921301022957e-03 0.000000000000000000e+00 2.396444800690270549e-01 0.000000000000000000e+00
2.142893030045228339e-02 6.283837919999561358e-03 0.000000000000000000e+00 2.394523449236441170e-01 0.000000000000000000e+00
2.132093099968064565e-02 6.199015928806143536e-03 0.000000000000000000e+00 2.392627133301985787e-01 0.000000000000000000e+00
2.121360497999985606e-02 6.115507236653239601e-03 0.000000000000000000e+00 2.390754830773064998e-01 0.000000000000000000e+00
2.110694230568544924e-02 6.033287694495516676e-03 0.000000000000000000e+00 2.388905536601955981e-01 0.000000000000000000e+00
2.100093326647111194e-02 5.952333694386779603e-03 0.000000000000000000e+00 2.387078263106732490e-01 0.000000000000000000e+00
2.089556833359126550e-02 5.872622161853385814e-03 0.000000000000000000e+00 2.385272039125476973e-01 0.000000000000000000e+00
2.079083814221284812e-02 5.794130534678362983e-03 0.000000000000000000e+00 2.383485909124043733e-01 0.000000000000000000e+00
2.068673359690991614e-02 5.716836785527083797e-03 0.000000000000000000e+00 2.381718934186249914e-01 0.000000000000000000e+00
2.058324567991704629e-02 5.640719255552738461e-03 0.000000000000000000e+00 2.379970190485294623e-01 0.000000000000000000e+00
2.048036571048311716e-02 5.565756903329784934e-03 0.000000000000000000e+00 2.378238771367512938e-01 0.000000000000000000e+00
2.037808514929951437e-02 5.491929095152132262e-03 0.000000000000000000e+00 2.376523785289054169e-01 0.000000000000000000e+00
2.027639565039745032e-02 5.419215650511722410e-03 0.000000000000000000e+00 2.374824356091508326e-01 0.000000000000000000e+00
2.017528905643258680e-02 5.347596774615390527e-03 0.000000000000000000e+00 2.373139623105390839e-01 0.000000000000000000e+00
2.007475736258186941e-02 5.277053288821349081e-03 0.000000000000000000e+00 2.371468740986857338e-01 0.000000000000000000e+00
1.997479275078481442e-02 5.207566220472063627e-03 0.000000000000000000e+00 2.369810878964421774e-01 0.000000000000000000e+00
1.987538758344078657e-02 5.139117085192119322e-03 0.000000000000000000e+00 2.368165221223796080e-01 0.000000000000000000e+00
1.977653439444462813e-02 5.071687797320686975e-03 0.000000000000000000e+00 2.366530966497926991e-01 0.000000000000000000e+00
1.967822588497256109e-02 5.005260655860155339e-03 0.000000000000000000e+00 2.364907327847546870e-01 0.000000000000000000e+00
1.958045491626727447e-02 4.939818340936550159e-03 0.000000000000000000e+00 2.363293532458391744e-01 0.000000000000000000e+00
1.948321453011955459e-02 4.875343892263469571e-03 0.000000000000000000e+00 2.361688821516800818e-01 0.000000000000000000e+00
1.938649792565292490e-02 4.811820710906132212e-03 0.000000000000000000e+00 2.360092450050199631e-01 0.000000000000000000e+00
1.929029846106218929e-02 4.749232543546732729e-03 0.000000000000000000e+00 2.358503686747542294e-01 0.000000000000000000e+00
1.919460965514973444e-02 4.687563481691018295e-03 0.000000000000000000e+00 2.356921814377239965e-01 0.000000000000000000e+00
1.909942518521775059e-02 4.626797944659789830e-03 0.000000000000000000e+00 2.355346129783420506e-01 0.000000000000000000e+00
1.900473887803396170e-02 4.566920682003349982e-03 0.000000000000000000e+00 2.353775942352054340e-01 0.000000000000000000e+00
1.891054467877082215e-02 4.507916757268555855e-03 0.000000000000000000e+00 2.352210574487045291e-01 0.000000000000000000e+00
1.881683669870649542e-02 4.449771540630702467e-03 0.000000000000000000e+00 2.350649361457224085e-01 0.000000000000000000e+00
1.872360917523674048e-02 4.392470691570229784e-03 0.000000000000000000e+00 2.349091651376196133e-01 0.000000000000000000e+00
1.863085649600431520e-02 4.336000169370058353e-03 0.000000000000000000e+00 2.347536805478749045e-01 0.000000000000000000e+00
1.853857317720963502e-02 4.280346219172499571e-03 0.000000000000000000e+00 2.345984197083435807e-01 0.000000000000000000e+00
1.844675387062200828e-02 4.225495362214281257e-03 0.000000000000000000e+00 2.344433211692464880e-01 0.000000000000000000e+00
1.835539336182325995e-02 4.171434391623232880e-03 0.000000000000000000e+00 2.342883246745074699e-01 0.000000000000000000e+00
1.826448656377268123e-02 4.118150362879559843e-03 0.000000000000000000e+00 2.341333712103697562e-01 0.000000000000000000e+00
1.817402851446050030e-02 4.065630594624319166e-03 0.000000000000000000e+00 2.339784029878658744e-01 0.000000000000000000e+00
1.808401437063019215e-02 4.013862635225626425e-03 0.000000000000000000e+00 2.338233633177862203e-01 0.000000000000000000e+00
1.799443941402332700e-02 3.962834353742091323e-03 0.000000000000000000e+00 2.336681966638613217e-01 0.000000000000000000e+00
1.790529904401353192e-02 3.912533764771687975e-03 0.000000000000000000e+00 2.335128485951577237e-01 0.000000000000000000e+00
1.781658876956725146e-02 3.862949146686153312e-03 0.000000000000000000e+00 2.333572659034263974e-01 0.000000000000000000e+00
1.772830423030015423e-02 3.814069016380433694e-03 0.000000000000000000e+00 2.332013966630659407e-01 0.000000000000000000e+00
1.764044116635555756e-02 3.765882112417307144e-03 0.000000000000000000e+00 2.330451898814380751e-01 0.000000000000000000e+00
1.755299542551441369e-02 3.718377393550493116e-03 0.000000000000000000e+00 2.328885956332668594e-01 0.000000000000000000e+00
1.746596296076159682e-02 3.671544030088672549e-03 0.000000000000000000e+00 2.327315650406762415e-01 0.000000000000000000e+00
1.737933982951713266e-02 3.625371398755354753e-03 0.000000000000000000e+00 2.325740503406259763e-01 0.000000000000000000e+00
1.729312218551572189e-02 3.579849065747178066e-03 0.000000000000000000e+00 2.324160048885844376e-01 0.000000000000000000e+00
1.720730628139592946e-02 3.534966799857365734e-03 0.000000000000000000e+00 2.322573829299098280e-01 0.000000000000000000e+00
1.712188846463960287e-02 3.490714565286640210e-03 0.000000000000000000e+00 2.320981397304416605e-01 0.000000000000000000e+00
1.703686517541841416e-02 3.447082514119123760e-03 0.000000000000000000e+00 2.319382315223816327e-01 0.000000000000000000e+00
1.695223295344986184e-02 3.404060988497172122e-03 0.000000000000000000e+00 2.317776156149994882e-01 0.000000000000000000e+00
1.686798844217622662e-02 3.361640511100219813e-03 0.000000000000000000e+00 2.316162505143782580e-01 0.000000000000000000e+00
1.678412836552946666e-02 3.319811769598722193e-03 0.000000000000000000e+00 2.314540955433986025e-01 0.000000000000000000e+00
1.670064953071738467e-02 3.278565621663617497e-03 0.000000000000000000e+00 2.312911109721133562e-01 0.000000000000000000e+00
1.661754883088722989e-02 3.237893096019362534e-03 0.000000000000000000e+00 2.311272580138259147e-01 0.000000000000000000e+00
1.653482324956506710e-02 3.197785395199021809e-03 0.000000000000000000e+00 2.309624989017536600e-01 0.000000000000000000e+00
1.645246984516329433e-02 3.158233873463028776e-03 0.000000000000000000e+00 2.307967968134802816e-01 0.000000000000000000e+00
1.637048575959284755e-02 3.119230045226309856e-03 0.000000000000000000e+00 2.306301158236102322e-01 0.000000000000000000e+00
1.628886820595844623e-02 3.080765570907972872e-03 0.000000000000000000e+00 2.304624208720718603e-01 0.000000000000000000e+00
1.620761446882234419e-02 3.042832258159151263e-03 0.000000000000000000e+00 2.302936777212733488e-01 0.000000000000000000e+00
1.612672190850266210e-02 3.005422056299021649e-03 0.000000000000000000e+00 2.301238530552130734e-01 0.000000000000000000e+00
1.604618795565178335e-02 2.968527063206125548e-03 0.000000000000000000e+00 2.299529144017878057e-01 0.000000000000000000e+00
1.596601011031884357e-02 2.932139528759006904e-03 0.000000000000000000e+00 2.297808301277659560e-01 0.000000000000000000e+00
1.588618594020028627e-02 2.896251824511233020e-03 0.000000000000000000e+00 2.296075693984716837e-01 0.000000000000000000e+00
1.580671307386173965e-02 2.860856462246895871e-03 0.000000000000000000e+00 2.294331021704351936e-01 0.000000000000000000e+00
1.572758919243709419e-02 2.825946071982582842e-03 0.000000000000000000e+00 2.292573992571972641e-01 0.000000000000000000e+00
1.564881208127754872e-02 2.791513420494187887e-03 0.000000000000000000e+00 2.290804323955617505e-01 0.000000000000000000e+00
1.557037956399300385e-02 2.757551398016347324e-03 0.000000000000000000e+00 2.289021742905433809e-01 0.000000000000000000e+00
1.549228952759830816e-02 2.724053021412797034e-03 0.000000000000000000e+00 2.287225982528933721e-01 0.000000000000000000e+00
1.541453991713076684e-02 2.691011424365450429e-03 0.000000000000000000e+00 2.285416783724512901e-01 0.000000000000000000e+00
1.533712873789955244e-02 2.658419860607955099e-03 0.000000000000000000e+00 2.283593895111928063e-01 0.000000000000000000e+00
1.526005404794615779e-02 2.626271686666143985e-03 0.000000000000000000e+00 2.281757072772288841e-01 0.000000000000000000e+00
1.518331396210997018e-02 2.594560298630686681e-03 0.000000000000000000e+00 2.279906080298076398e-01 0.000000000000000000e+00
1.510690663593088935e-02 2.563279445571585609e-03 0.000000000000000000e+00 2.278040688664123847e-01 0.000000000000000000e+00
1.503083026996731957e-02 2.532422723171910695e-03 0.000000000000000000e+00 2.276160675984957860e-01 0.000000000000000000e+00
1.495508312304578806e-02 2.501983936987584901e-03 0.000000000000000000e+00 2.274265828531423783e-01 0.000000000000000000e+00
1.487966351084706387e-02 2.471956971247328636e-03 0.000000000000000000e+00 2.272355939183357543e-01 0.000000000000000000e+00
1.480456978821085082e-02 2.442335832152226372e-03 0.000000000000000000e+00 2.270430807678610330e-01 0.000000000000000000e+00
1.472980036035871111e-02 2.413114612006601271e-03 0.000000000000000000e+00 2.268490240380366119e-01 0.000000000000000000e+00
1.465535368256814901e-02 2.384287502525389481e-03 0.000000000000000000e+00 2.266534050443847481e-01 0.000000000000000000e+00
1.458122825431129241e-02 2.355848791339790367e-03 0.000000000000000000e+00 2.264562057522852834e-01 0.000000000000000000e+00
1.450742262294089230e-02 2.327792860626287652e-03 0.000000000000000000e+00 2.262574087590788485e-01 0.000000000000000000e+00
1.443393536959740493e-02 2.300114182369388059e-03 0.000000000000000000e+00 2.260569973661555321e-01 0.000000000000000000e+00
1.436076505933552190e-02 2.272807317432326037e-03 0.000000000000000000e+00 2.258549555943591136e-01 0.000000000000000000e+00
1.428791033308511420e-02 2.245866908831886926e-03 0.000000000000000000e+00 2.256512680099818646e-01 0.000000000000000000e+00
1.421536987348941475e-02 2.219287683741847338e-03 0.000000000000000000e+00 2.254459198871858749e-01 0.000000000000000000e+00
1.414314240514434606e-02 2.193064452245008580e-03 0.000000000000000000e+00 2.252388970770440313e-01 0.000000000000000000e+00
1.407122668753640893e-02 2.167192115583584881e-03 0.000000000000000000e+00 2.250301860105382856e-01 0.000000000000000000e+00
1.399962152195750008e-02 2.141665652871755417e-03 0.000000000000000000e+00 2.248197736960161619e-01 0.000000000000000000e+00
1.392832574454545488e-02 2.116480122683091561e-03 0.000000000000000000e+00 2.246076477018657258e-01 0.000000000000000000e+00
1.385733823909283437e-02 2.091630658269337615e-03 0.000000000000000000e+00 2.243937962212216586e-01 0.000000000000000000e+00
1.378665792937857487e-02 2.067112461187983925e-03 0.000000000000000000e+00 2.241782080098223273e-01 0.000000000000000000e+00
1.371628366711907625e-02 2.042920808349591843e-03 0.000000000000000000e+00 2.239608725193066308e-01 0.000000000000000000e+00
1.364621436058324928e-02 2.019051053490882302e-03 0.000000000000000000e+00 2.237417795283581368e-01 0.000000000000000000e+00
1.357644897229520926e-02 1.995498622033363683e-03 0.000000000000000000e+00 2.235209194414383427e-01 0.000000000000000000e+00
1.350698650350786942e-02 1.972259016222336053e-03 0.000000000000000000e+00 2.232982832962195907e-01 0.000000000000000000e+00
1.343782597683136973e-02 1.949327799636213629e-03 0.000000000000000000e+00 2.230738626005239755e-01 0.000000000000000000e+00
1.336896644939078622e-02 1.926700602288162643e-03 0.000000000000000000e+00 2.228476493569989392e-01 0.000000000000000000e+00
1.330040700969993550e-02 1.904373105819938102e-03 0.000000000000000000e+00 2.226196361043170924e-01 0.000000000000000000e+00
1.323214678344584311e-02 1.882341101712130520e-03 0.000000000000000000e+00 2.223898159090907933e-01 0.000000000000000000e+00
1.316418492847676661e-02 1.860600397887794775e-03 0.000000000000000000e+00 2.221581822827858876e-01 0.000000000000000000e+00
1.309652057241111368e-02 1.839146886172117511e-03 0.000000000000000000e+00 2.219247292356900936e-01 0.000000000000000000e+00
1.302915278501294051e-02 1.817976514543379269e-03 0.000000000000000000e+00 2.216894512430291897e-01 0.000000000000000000e+00
1.296208073852158672e-02 1.797085290713467971e-03 0.000000000000000000e+00 2.214523432257201885e-01 0.000000000000000000e+00
1.289530362825391449e-02 1.776469287671765237e-03 0.000000000000000000e+00 2.212134005744438858e-01 0.000000000000000000e+00
1.282882066554167158e-02 1.756124625094282942e-03 0.000000000000000000e+00 2.209726192124689681e-01 0.000000000000000000e+00
1.276263109522757060e-02 1.736047486836961046e-03 0.000000000000000000e+00 2.207299955007735737e-01 0.000000000000000000e+00
1.269673418491204173e-02 1.716234115215222204e-03 0.000000000000000000e+00 2.204855262751376777e-01 0.000000000000000000e+00
1.263112922691249362e-02 1.696680808583653048e-03 0.000000000000000000e+00 2.202392087519024211e-01 0.000000000000000000e+00
1.256581554509482272e-02 1.677383917046983445e-03 0.000000000000000000e+00 2.199910405864849150e-01 0.000000000000000000e+00
1.250079245770305270e-02 1.658339863431362859e-03 0.000000000000000000e+00 2.197410198633535372e-01 0.000000000000000000e+00
1.243605919626372507e-02 1.639545041686779961e-03 0.000000000000000000e+00 2.194891449835329189e-01 0.000000000000000000e+00
1.237161504918375329e-02 1.620995992017240346e-03 0.000000000000000000e+00 2.192354148302768369e-01 0.000000000000000000e+00
1.230745934404422169e-02 1.602689264776368822e-03 0.000000000000000000e+00 2.189798286332311494e-01 0.000000000000000000e+00
1.224359142890817966e-02 1.584621460149909962e-03 0.000000000000000000e+00 2.187223860551478771e-01 0.000000000000000000e+00
1.218001067737484004e-02 1.566789235495396693e-03 0.000000000000000000e+00 2.184630872553959546e-01 0.000000000000000000e+00
1.211671647095988874e-02 1.549189298285163574e-03 0.000000000000000000e+00 2.182019326740617104e-01 0.000000000000000000e+00
1.205370821414833947e-02 1.531818405809729465e-03 0.000000000000000000e+00 2.179389231263923754e-01 0.000000000000000000e+00
1.199098533621283623e-02 1.514673352922884511e-03 0.000000000000000000e+00 2.176740597767164442e-01 0.000000000000000000e+00
1.192854728883736663e-02 1.497750968578544358e-03 0.000000000000000000e+00 2.174073441428590325e-01 0.000000000000000000e+00
1.186639341843609766e-02 1.481048138458579671e-03 0.000000000000000000e+00 2.171387780801107836e-01 0.000000000000000000e+00
1.180452307583298305e-02 1.464561791789416008e-03 0.000000000000000000e+00 2.168683637730507152e-01 0.000000000000000000e+00
1.174293568551643303e-02 1.448288898139657747e-03 0.000000000000000000e+00 2.165961037639991815e-01 0.000000000000000000e+00
1.168163067751708077e-02 1.432226464224864697e-03 0.000000000000000000e+00 2.163220009327344595e-01 0.000000000000000000e+00
1.162060750478874013e-02 1.416371556333004657e-03 0.000000000000000000e+00 2.160460585079402585e-01 0.000000000000000000e+00
1.155986562211913475e-02 1.400721264244649770e-03 0.000000000000000000e+00 2.157682800871654205e-01 0.000000000000000000e+00
1.149940450032841538e-02 1.385272724060166967e-03 0.000000000000000000e+00 2.154886695233380611e-01 0.000000000000000000e+00
1.143922362929480734e-02 1.370023109823947189e-03 0.000000000000000000e+00 2.152072309620296220e-01 0.000000000000000000e+00
1.137932252202220572e-02 1.354969652568599340e-03 0.000000000000000000e+00 2.149239688464414100e-01 0.000000000000000000e+00
1.131970065132969876e-02 1.340109605641894410e-03 0.000000000000000000e+00 2.146388879001011329e-01 0.000000000000000000e+00
1.126035738345652557e-02 1.325440256308913975e-03 0.000000000000000000e+00 2.143519931610808615e-01 0.000000000000000000e+00
1.120129218935763879e-02 1.310958934157859012e-03 0.000000000000000000e+00 2.140632899544789025e-01 0.000000000000000000e+00
1.114250454808304869e-02 1.296663012297352138e-03 0.000000000000000000e+00 2.137727838680768544e-01 0.000000000000000000e+00
1.108399393517663263e-02 1.282549877415564915e-03 0.000000000000000000e+00 2.134804807065094068e-01 0.000000000000000000e+00
1.102575985465829335e-02 1.268616973474772334e-03 0.000000000000000000e+00 2.131863866176409716e-01 0.000000000000000000e+00
1.096780181160338444e-02 1.254861763610369508e-03 0.000000000000000000e+00 2.128905080341989553e-01 0.000000000000000000e+00
1.091011932500960888e-02 1.241281765105062967e-03 0.000000000000000000e+00 2.125928515931667373e-01 0.000000000000000000e+00
1.085271193243535909e-02 1.227874531981942982e-03 0.000000000000000000e+00 2.122934241789553866e-01 0.000000000000000000e+00
1.079557917297359337e-02 1.214637636158365968e-03 0.000000000000000000e+00 2.119922329268812133e-01 0.000000000000000000e+00
1.073872044516028385e-02 1.201568684007135951e-03 0.000000000000000000e+00 2.116892852188309859e-01 0.000000000000000000e+00
1.068213521071051907e-02 1.188665321442580443e-03 0.000000000000000000e+00 2.113845886534274077e-01 0.000000000000000000e+00
1.062582296832102237e-02 1.175925225115149802e-03 0.000000000000000000e+00 2.110781510479666223e-01 0.000000000000000000e+00
1.056978321521856272e-02 1.163346095194435015e-03 0.000000000000000000e+00 2.107699804222502582e-01 0.000000000000000000e+00
1.051401545182618219e-02 1.150925661901022615e-03 0.000000000000000000e+00 2.104600850061195683e-01 0.000000000000000000e+00
1.045851919964232296e-02 1.138661691998064766e-03 0.000000000000000000e+00 2.101484732870671779e-01 0.000000000000000000e+00
1.040329397658968161e-02 1.126551991263981213e-03 0.000000000000000000e+00 2.098351539754006179e-01 0.000000000000000000e+00
1.034833931933408328e-02 1.114594389528929079e-03 0.000000000000000000e+00 2.095201359605070035e-01 0.000000000000000000e+00
1.029365477758921628e-02 1.102786740785214768e-03 0.000000000000000000e+00 2.092034283342232015e-01 0.000000000000000000e+00
1.023923981143688017e-02 1.091126930772057290e-03 0.000000000000000000e+00 2.088850403650927001e-01 0.000000000000000000e+00
1.018509383023867565e-02 1.079612872336990380e-03 0.000000000000000000e+00 2.085649815012209363e-01 0.000000000000000000e+00
1.013121632808774118e-02 1.068242502286446223e-03 0.000000000000000000e+00 2.082432613753877615e-01 0.000000000000000000e+00
1.007760679859644529e-02 1.057013790122139033e-03 0.000000000000000000e+00 2.079198897860268791e-01 0.000000000000000000e+00
1.002426473545266206e-02 1.045924721099665815e-03 0.000000000000000000e+00 2.075948766881726693e-01 0.000000000000000000e+00
9.971189644735301699e-03 1.034973263152859976e-03 0.000000000000000000e+00 2.072682322001793420e-01 0.000000000000000000e+00
9.918381026557881314e-03 1.024157633775257250e-03 0.000000000000000000e+00 2.069399666808660054e-01 0.000000000000000000e+00
9.865838404605939069e-03 1.013475791477269801e-03 0.000000000000000000e+00 2.066100906767577849e-01 0.000000000000000000e+00
9.813561297708064957e-03 1.002925847824704102e-03 0.000000000000000000e+00 2.062786148199071412e-01 0.000000000000000000e+00
9.761549215891326958e-03 9.925059295404425278e-04 0.000000000000000000e+00 2.059455498899478432e-01 0.000000000000000000e+00
9.709801528174034566e-03 9.822141931172950757e-04 0.000000000000000000e+00 2.056109068070833823e-01 0.000000000000000000e+00
9.658317692052787937e-03 9.720488120761215049e-04 0.000000000000000000e+00 2.052746966280102892e-01 0.000000000000000000e+00
9.607097189996693931e-03 9.620079853886697157e-04 0.000000000000000000e+00 2.049369305358624549e-01 0.000000000000000000e+00
9.556139485415726664e-03 9.520899231592177278e-04 0.000000000000000000e+00 2.045976198287821901e-01 0.000000000000000000e+00
9.505444051604727482e-03 9.422928932304825908e-04 0.000000000000000000e+00 2.042567759449698261e-01 0.000000000000000000e+00
9.455010363569939583e-03 9.326151632582393124e-04 0.000000000000000000e+00 2.039144104309890959e-01 0.000000000000000000e+00
9.404837919130097645e-03 9.230550420223536867e-04 0.000000000000000000e+00 2.035705349455096680e-01 0.000000000000000000e+00
9.354926206271537564e-03 9.136108377684749567e-04 0.000000000000000000e+00 2.032251613800564460e-01 0.000000000000000000e+00
9.305274724981020193e-03 9.042808904655202581e-04 0.000000000000000000e+00 2.028783017765059538e-01 0.000000000000000000e+00
9.255882843868896634e-03 8.950635518049161916e-04 0.000000000000000000e+00 2.025299681721255129e-01 0.000000000000000000e+00
9.206749969929938632e-03 8.859572113378800726e-04 0.000000000000000000e+00 2.021801727238516366e-01 0.000000000000000000e+00
9.157875539332638662e-03 8.769602668579971590e-04 0.000000000000000000e+00 2.018289276742358251e-01 0.000000000000000000e+00
9.109258984411436333e-03 8.680711431359154368e-04 0.000000000000000000e+00 2.014762453521572738e-01 0.000000000000000000e+00
9.060899752406979465e-03 8.592882874595319164e-04 0.000000000000000000e+00 2.011221382029892146e-01 0.000000000000000000e+00
9.012797280043210318e-03 8.506101643625898524e-04 0.000000000000000000e+00 2.007666187828242577e-01 0.000000000000000000e+00
8.964951014587663192e-03 8.420352623507581808e-04 0.000000000000000000e+00 2.004096996952235421e-01 0.000000000000000000e+00
8.917360409878906033e-03 8.335620925999749284e-04 0.000000000000000000e+00 2.000513936123729797e-01 0.000000000000000000e+00
8.870024932117168831e-03 8.251891845486195943e-04 0.000000000000000000e+00 1.996917132820960894e-01 0.000000000000000000e+00
8.822943985631936936e-03 8.169150869448637241e-04 0.000000000000000000e+00 1.993306716341965434e-01 0.000000000000000000e+00
8.776116895750619984e-03 8.087383789955267287e-04 0.000000000000000000e+00 1.989682817061017850e-01 0.000000000000000000e+00
8.729543045396477574e-03 8.006576286158078194e-04 0.000000000000000000e+00 1.986045564913474226e-01 0.000000000000000000e+00
8.683221840331755217e-03 7.926714531014805980e-04 0.000000000000000000e+00 1.982395090733093945e-01 0.000000000000000000e+00
8.637152689526174376e-03 7.847784894107183050e-04 0.000000000000000000e+00 1.978731526047141920e-01 0.000000000000000000e+00
8.591334988103617107e-03 7.769773824641010643e-04 0.000000000000000000e+00 1.975055002985742492e-01 0.000000000000000000e+00
8.545768143679440335e-03 7.692667795772548589e-04 0.000000000000000000e+00 1.971365654234713549e-01 0.000000000000000000e+00
8.500451562278648135e-03 7.616453390153492438e-04 0.000000000000000000e+00 1.967663612761335334e-01 0.000000000000000000e+00
