6.933167149127303364e-02 9.086100020534564337e-01 0.000000000000000000e+00 4.986949368599914332e-04 0.000000000000000000e+00
2.510182653989858625e-01 6.768833079093579119e-01 0.000000000000000000e+00 1.207136463300860279e-03 0.000000000000000000e+00
4.455046135636824278e-01 4.383112899563895715e-01 0.000000000000000000e+00 1.292347553848033738e-03 0.000000000000000000e+00
5.871518083535030019e-01 2.717757413645732756e-01 0.000000000000000000e+00 8.567918128109192413e-04 0.000000000000000000e+00
6.718081700470112105e-01 1.757213585753190921e-01 0.000000000000000000e+00 4.876947886701534320e-04 0.000000000000000000e+00
7.163375342296278703e-01 1.257412820788733065e-01 0.000000000000000000e+00 6.265222636575868819e-04 0.000000000000000000e+00
7.371662967458617599e-01 1.016083395002014139e-01 0.000000000000000000e+00 1.393007836482250796e-03 0.000000000000000000e+00
7.453556794853217760e-01 9.111832416366411058e-02 0.000000000000000000e+00 2.706830889510371523e-03 0.000000000000000000e+00
7.472334767538462152e-01 8.775597786596396610e-02 0.000000000000000000e+00 4.430851878906831402e-03 0.000000000000000000e+00
7.461331673232367567e-01 8.812514210910579737e-02 0.000000000000000000e+00 6.436484862634389396e-03 0.000000000000000000e+00
7.437194261966032505e-01 9.040784627041781318e-02 0.000000000000000000e+00 8.633593495742917373e-03 0.000000000000000000e+00
7.407936240741227474e-01 9.359739810257358683e-02 0.000000000000000000e+00 1.097352720719020104e-02 0.000000000000000000e+00
7.377374143961020758e-01 9.712029597409814474e-02 0.000000000000000000e+00 1.343529805362744280e-02 0.000000000000000000e+00
7.347295089520268219e-01 1.006418655924313510e-01 0.000000000000000000e+00 1.601167940222972957e-02 0.000000000000000000e+00
7.318424896351314324e-01 1.039654210468507062e-01 0.000000000000000000e+00 1.870060869352214647e-02 0.000000000000000000e+00
7.290886912847355239e-01 1.069800242372885013e-01 0.000000000000000000e+00 2.150041785097132896e-02 0.000000000000000000e+00
7.264474483948956118e-01 1.096319253233319496e-01 0.000000000000000000e+00 2.440734709112322640e-02 0.000000000000000000e+00
7.238840031788197349e-01 1.119067518019785518e-01 0.000000000000000000e+00 2.741462125103319783e-02 0.000000000000000000e+00
7.213621417805899938e-01 1.138167313046398593e-01 0.000000000000000000e+00 3.051254134357219219e-02 0.000000000000000000e+00
7.188513015226337677e-01 1.153908560959692325e-01 0.000000000000000000e+00 3.368908469646508808e-02 0.000000000000000000e+00
7.163293993947108529e-01 1.166673062049259080e-01 0.000000000000000000e+00 3.693065796798031958e-02 0.000000000000000000e+00
7.137829273974408695e-01 1.176878247912061526e-01 0.000000000000000000e+00 4.022282559092688059e-02 0.000000000000000000e+00
7.112056667375573626e-01 1.184937703510423601e-01 0.000000000000000000e+00 4.355095137575838715e-02 0.000000000000000000e+00
7.085969466635595460e-01 1.191235466544098703e-01 0.000000000000000000e+00 4.690073553300069115e-02 0.000000000000000000e+00
7.059599643084744081e-01 1.196111126646487305e-01 0.000000000000000000e+00 5.025864144678463680e-02 0.000000000000000000e+00
7.033003884021808982e-01 1.199853030573659884e-01 0.000000000000000000e+00 5.361220894781957430e-02 0.000000000000000000e+00
7.006252993580337485e-01 1.202697300594815499e-01 0.000000000000000000e+00 5.695025759977987573e-02 0.000000000000000000e+00
6.979424331603216736e-01 1.204830766345539594e-01 0.000000000000000000e+00 6.026298974031590178e-02 0.000000000000000000e+00
6.952596672986246507e-01 1.206396299015773943e-01 0.000000000000000000e+00 6.354200996432017579e-02 0.000000000000000000e+00
6.925846838345977030e-01 1.207499371204556055e-01 0.000000000000000000e+00 6.678028079055811639e-02 0.000000000000000000e+00
6.899247548413337539e-01 1.208214968942521034e-01 0.000000000000000000e+00 6.997203396274120912e-02 0.000000000000000000e+00
6.872866080001813760e-01 1.208594249564675094e-01 0.000000000000000000e+00 7.311265400628440270e-02 0.000000000000000000e+00
6.846763440492572572e-01 1.208670553151651866e-01 0.000000000000000000e+00 7.619854787140031838e-02 0.000000000000000000e+00
6.820993885141954927e-01 1.208464568055853117e-01 0.000000000000000000e+00 7.922701048940847257e-02 0.000000000000000000e+00
6.795604669515001861e-01 1.207988571259908522e-01 0.000000000000000000e+00 8.219609356044788040e-02 0.000000000000000000e+00
6.770635991396214415e-01 1.207249768036891824e-01 0.000000000000000000e+00 8.510448228615134780e-02 0.000000000000000000e+00
6.746121088366974217e-01 1.206252808641090912e-01 0.000000000000000000e+00 8.795138298316099168e-02 0.000000000000000000e+00
6.722086479065662035e-01 1.205001595172101453e-01 0.000000000000000000e+00 9.073642323970854129e-02 0.000000000000000000e+00
6.698552329236467928e-01 1.203500501679109491e-01 0.000000000000000000e+00 9.345956505515135015e-02 0.000000000000000000e+00
6.675532923008279385e-01 1.201755126671966017e-01 0.000000000000000000e+00 9.612103102535436705e-02 0.000000000000000000e+00
6.653037215058225096e-01 1.199772689025844913e-01 0.000000000000000000e+00 9.872124270895940579e-02 0.000000000000000000e+00
6.631069435453237348e-01 1.197562162336029135e-01 0.000000000000000000e+00 1.012607702881403032e-01 0.000000000000000000e+00
6.609629724004422169e-01 1.195134224574710274e-01 0.000000000000000000e+00 1.037402923108479563e-01 0.000000000000000000e+00
6.588714763261076524e-01 1.192501088498756634e-01 0.000000000000000000e+00 1.061605642051276638e-01 0.000000000000000000e+00
6.568318393858908477e-01 1.189676259596873648e-01 0.000000000000000000e+00 1.085223943081233128e-01 0.000000000000000000e+00
6.548432190878431536e-01 1.186674256632445634e-01 0.000000000000000000e+00 1.108266260067057446e-01 0.000000000000000000e+00
6.529045989449840937e-01 1.183510323976195433e-01 0.000000000000000000e+00 1.130741250385817742e-01 0.000000000000000000e+00
6.510148352999612920e-01 1.180200150215218458e-01 0.000000000000000000e+00 1.152657707575603097e-01 0.000000000000000000e+00
6.491726978787821789e-01 1.176759607108992800e-01 0.000000000000000000e+00 1.174024503948755266e-01 0.000000000000000000e+00
6.473769040848150746e-01 1.173204515626243144e-01 0.000000000000000000e+00 1.194850558122417250e-01 0.000000000000000000e+00
6.456261472571679372e-01 1.169550442696099674e-01 0.000000000000000000e+00 1.215144817700291868e-01 0.000000000000000000e+00
6.439191195126898748e-01 1.165812528836243922e-01 0.000000000000000000e+00 1.234916252682281695e-01 0.000000000000000000e+00
6.422545292897329228e-01 1.162005348124720422e-01 0.000000000000000000e+00 1.254173857898989164e-01 0.000000000000000000e+00
6.406311145241425642e-01 1.158142796939565095e-01 0.000000000000000000e+00 1.272926657382476012e-01 0.000000000000000000e+00
6.390476519913430575e-01 1.154238009866546261e-01 0.000000000000000000e+00 1.291183710400028439e-01 0.000000000000000000e+00
6.375029637216196310e-01 1.150303301474809720e-01 0.000000000000000000e+00 1.308954118575569592e-01 0.000000000000000000e+00
6.359959204457326098e-01 1.146350127847251682e-01 0.000000000000000000e+00 1.326247029782709475e-01 0.000000000000000000e+00
6.345254431591780264e-01 1.142389067403154629e-01 0.000000000000000000e+00 1.343071640731738348e-01 0.000000000000000000e+00
6.330905030767173258e-01 1.138429818294633550e-01 0.000000000000000000e+00 1.359437198376365896e-01 0.000000000000000000e+00
6.316901203346030336e-01 1.134481207786439683e-01 0.000000000000000000e+00 1.375352995597773076e-01 0.000000000000000000e+00
6.303233618388448534e-01 1.130551212698480412e-01 0.000000000000000000e+00 1.390828367992341941e-01 0.000000000000000000e+00
6.289893384922835562e-01 1.126646988256456011e-01 0.000000000000000000e+00 1.405872685729724347e-01 0.000000000000000000e+00
6.276872021179618066e-01 1.122774903253006273e-01 0.000000000000000000e+00 1.420495344503968638e-01 0.000000000000000000e+00
6.264161422245092536e-01 1.118940580054997302e-01 0.000000000000000000e+00 1.434705755212649925e-01 0.000000000000000000e+00
6.251753826385986201e-01 1.115148938153493197e-01 0.000000000000000000e+00 1.448513331614963984e-01 0.000000000000000000e+00
6.239641783075405845e-01 1.111404238830155933e-01 0.000000000000000000e+00 1.461927477552929788e-01 0.000000000000000000e+00
6.227818121895432046e-01 1.107710131690686911e-01 0.000000000000000000e+00 1.474957573179803139e-01 0.000000000000000000e+00
6.216275924014160736e-01 1.104069700784837127e-01 0.000000000000000000e+00 1.487612961188104488e-01 0.000000000000000000e+00
6.205008495009753933e-01 1.100485510074713791e-01 0.000000000000000000e+00 1.499902933051376619e-01 0.000000000000000000e+00
6.194009341927209089e-01 1.096959647959692280e-01 0.000000000000000000e+00 1.511836715300263756e-01 0.000000000000000000e+00
6.183272150499170561e-01 1.093493770003299975e-01 0.000000000000000000e+00 1.523423456612713889e-01 0.000000000000000000e+00
6.172790767564987346e-01 1.090089139674565999e-01 0.000000000000000000e+00 1.534672214579015093e-01 0.000000000000000000e+00
6.162559184166267467e-01 1.086746667340587197e-01 0.000000000000000000e+00 1.545591944249058158e-01 0.000000000000000000e+00
6.152571521862988391e-01 1.083466946807183778e-01 0.000000000000000000e+00 1.556191487063614542e-01 0.000000000000000000e+00
6.142822020906015812e-01 1.080250289085803311e-01 0.000000000000000000e+00 1.566479560640338942e-01 0.000000000000000000e+00
6.133305030628675159e-01 1.077096754598916573e-01 0.000000000000000000e+00 1.576464749484327577e-01 0.000000000000000000e+00
6.124015001410302306e-01 1.074006182521182601e-01 0.000000000000000000e+00 1.586155496796284037e-01 0.000000000000000000e+00
6.114946478619799342e-01 1.070978217902135571e-01 0.000000000000000000e+00 1.595560097446912518e-01 0.000000000000000000e+00
6.106094097779759533e-01 1.068012336443102395e-01 0.000000000000000000e+00 1.604686691517704378e-01 0.000000000000000000e+00
6.097452580798320421e-01 1.065107867403586595e-01 0.000000000000000000e+00 1.613543259186770440e-01 0.000000000000000000e+00
6.089016733842402829e-01 1.062264014582630645e-01 0.000000000000000000e+00 1.622137616416292616e-01 0.000000000000000000e+00
6.080781445255237783e-01 1.059479874775814401e-01 0.000000000000000000e+00 1.630477411267461374e-01 0.000000000000000000e+00
6.072741684958755659e-01 1.056754455028111883e-01 0.000000000000000000e+00 1.638570120980433198e-01 0.000000000000000000e+00
6.064892504229952852e-01 1.054086688032148805e-01 0.000000000000000000e+00 1.646423050505201324e-01 0.000000000000000000e+00
6.057229035771815040e-01 1.051475445724906477e-01 0.000000000000000000e+00 1.654043331076296142e-01 0.000000000000000000e+00
6.049746494195620272e-01 1.048919551816709095e-01 0.000000000000000000e+00 1.661437919654382422e-01 0.000000000000000000e+00
6.042440176980310440e-01 1.046417792707684258e-01 0.000000000000000000e+00 1.668613598849474911e-01 0.000000000000000000e+00
6.035305465542113446e-01 1.043968927341631103e-01 0.000000000000000000e+00 1.675576977647497134e-01 0.000000000000000000e+00
6.028337826129359645e-01 1.041571695750116294e-01 0.000000000000000000e+00 1.682334492457179254e-01 0.000000000000000000e+00
6.021532811054789436e-01 1.039224826689221920e-01 0.000000000000000000e+00 1.688892408344768448e-01 0.000000000000000000e+00
6.014886059964086318e-01 1.036927044362992434e-01 0.000000000000000000e+00 1.695256821049970219e-01 0.000000000000000000e+00
6.008393300586920560e-01 1.034677074116035628e-01 0.000000000000000000e+00 1.701433658909537738e-01 0.000000000000000000e+00
6.002050349963510278e-01 1.032473647710207554e-01 0.000000000000000000e+00 1.707428685428527271e-01 0.000000000000000000e+00
5.995853115194995642e-01 1.030315507560239097e-01 0.000000000000000000e+00 1.713247501935749872e-01 0.000000000000000000e+00
5.989797594362825661e-01 1.028201410511642433e-01 0.000000000000000000e+00 1.718895550315339416e-01 0.000000000000000000e+00
5.983879876803945841e-01 1.026130130940997726e-01 0.000000000000000000e+00 1.724378115999488648e-01 0.000000000000000000e+00
5.978096143591148381e-01 1.024100463543453077e-01 0.000000000000000000e+00 1.729700331254891144e-01 0.000000000000000000e+00
5.972442667618257373e-01 1.022111225367631632e-01 0.000000000000000000e+00 1.734867178144894606e-01 0.000000000000000000e+00
5.966915813912944122e-01 1.020161257731404814e-01 0.000000000000000000e+00 1.739883491923584768e-01 0.000000000000000000e+00
5.961512039247578443e-01 1.018249427824585995e-01 0.000000000000000000e+00 1.744753964544567826e-01 0.000000000000000000e+00
5.956227891891368031e-01 1.016374629656451728e-01 0.000000000000000000e+00 1.749483147905411262e-01 0.000000000000000000e+00
5.951060011057496268e-01 1.014535784966541787e-01 0.000000000000000000e+00 1.754075457232078250e-01 0.000000000000000000e+00
5.946005126274340746e-01 1.012731843891157835e-01 0.000000000000000000e+00 1.758535174528703671e-01 0.000000000000000000e+00
5.941060056610997231e-01 1.010961785340390579e-01 0.000000000000000000e+00 1.762866451924943734e-01 0.000000000000000000e+00
5.936221709468155749e-01 1.009224617202218871e-01 0.000000000000000000e+00 1.767073315031853498e-01 0.000000000000000000e+00
5.931487079827719722e-01 1.007519376404322764e-01 0.000000000000000000e+00 1.771159666354841511e-01 0.000000000000000000e+00
5.926853248840092681e-01 1.005845128891470486e-01 0.000000000000000000e+00 1.775129288496337665e-01 0.000000000000000000e+00
5.922317382489777904e-01 1.004200969416446793e-01 0.000000000000000000e+00 1.778985847395661291e-01 0.000000000000000000e+00
5.917876730187934253e-01 1.002586021190277482e-01 0.000000000000000000e+00 1.782732895599666301e-01 0.000000000000000000e+00
5.913528623223333058e-01 1.000999435529602577e-01 0.000000000000000000e+00 1.786373875369937914e-01 0.000000000000000000e+00
5.909270473121562839e-01 9.994403913947294549e-02 0.000000000000000000e+00 1.789912121777794685e-01 0.000000000000000000e+00
5.905099770005984849e-01 9.979080947932983392e-02 0.000000000000000000e+00 1.793350865634106839e-01 0.000000000000000000e+00
5.901014080920140570e-01 9.964017783911130466e-02 0.000000000000000000e+00 1.796693236532379556e-01 0.000000000000000000e+00
5.897011047951947749e-01 9.949207007699339966e-02 0.000000000000000000e+00 1.799942265644614292e-01 0.000000000000000000e+00
5.893088386438020132e-01 9.934641458008813819e-02 0.000000000000000000e+00 1.803100888569235671e-01 0.000000000000000000e+00
5.889243883297498039e-01 9.920314221725040627e-02 0.000000000000000000e+00 1.806171948261952320e-01 0.000000000000000000e+00
5.885475395018211486e-01 9.906218625207009743e-02 0.000000000000000000e+00 1.809158197527630518e-01 0.000000000000000000e+00
5.881780845754385201e-01 9.892348227446405573e-02 0.000000000000000000e+00 1.812062301576403411e-01 0.000000000000000000e+00
5.878158225513739898e-01 9.878696814442032570e-02 0.000000000000000000e+00 1.814886840768969445e-01 0.000000000000000000e+00
5.874605588202167494e-01 9.865258392054508663e-02 0.000000000000000000e+00 1.817634313030680737e-01 0.000000000000000000e+00
5.871121049880587695e-01 9.852027179208858176e-02 0.000000000000000000e+00 1.820307136305402140e-01 0.000000000000000000e+00
5.867702786925553804e-01 9.838997600929243192e-02 0.000000000000000000e+00 1.822907650896577747e-01 0.000000000000000000e+00
5.864349034138357508e-01 9.826164281865754080e-02 0.000000000000000000e+00 1.825438121782040068e-01 0.000000000000000000e+00
5.861058082943475522e-01 9.813522039785826934e-02 0.000000000000000000e+00 1.827900740856805706e-01 0.000000000000000000e+00
5.857828279634105240e-01 9.801065878475410942e-02 0.000000000000000000e+00 1.830297629109901847e-01 0.000000000000000000e+00
5.854658023678676049e-01 9.788790982553546849e-02 0.000000000000000000e+00 1.832630838828906983e-01 0.000000000000000000e+00
5.851545765930612486e-01 9.776692710218021221e-02 0.000000000000000000e+00 1.834902355527231188e-01 0.000000000000000000e+00
5.848490007031051929e-01 9.764766588373695322e-02 0.000000000000000000e+00 1.837114100122718974e-01 0.000000000000000000e+00
5.845489295727533952e-01 9.753008306210690648e-02 0.000000000000000000e+00 1.839267930821043284e-01 0.000000000000000000e+00
5.842542227315327130e-01 9.741413708961042806e-02 0.000000000000000000e+00 1.841365644997450535e-01 0.000000000000000000e+00
5.839647442047161130e-01 9.729978793311259977e-02 0.000000000000000000e+00 1.843408981177739603e-01 0.000000000000000000e+00
5.836803623695955290e-01 9.718699701669857027e-02 0.000000000000000000e+00 1.845399620780364958e-01 0.000000000000000000e+00
5.834009498036318853e-01 9.707572716894574683e-02 0.000000000000000000e+00 1.847339189828570150e-01 0.000000000000000000e+00
5.831263831484423399e-01 9.696594257818624829e-02 0.000000000000000000e+00 1.849229260769185701e-01 0.000000000000000000e+00
5.828565429628335126e-01 9.685760873519945469e-02 0.000000000000000000e+00 1.851071354086028797e-01 0.000000000000000000e+00
5.825913135888977079e-01 9.675069238513522851e-02 0.000000000000000000e+00 1.852866939914730449e-01 0.000000000000000000e+00
5.823305830384795101e-01 9.664516149302970760e-02 0.000000000000000000e+00 1.854617439677558044e-01 0.000000000000000000e+00
5.820742428487760689e-01 9.654098519306890391e-02 0.000000000000000000e+00 1.856324227599535359e-01 0.000000000000000000e+00
5.818221879699965182e-01 9.643813374236315239e-02 0.000000000000000000e+00 1.857988632141326091e-01 0.000000000000000000e+00
5.815743166500306760e-01 9.633657848150209424e-02 0.000000000000000000e+00 1.859611937499122958e-01 0.000000000000000000e+00
5.813305303248416100e-01 9.623629180228215896e-02 0.000000000000000000e+00 1.861195385116166667e-01 0.000000000000000000e+00
5.810907335053044909e-01 9.613724710583529398e-02 0.000000000000000000e+00 1.862740174975314467e-01 0.000000000000000000e+00
5.808548336713620364e-01 9.603941876059894633e-02 0.000000000000000000e+00 1.864247466913825924e-01 0.000000000000000000e+00
5.806227411740010336e-01 9.594278207128464908e-02 0.000000000000000000e+00 1.865718381989463770e-01 0.000000000000000000e+00
5.803943691358025569e-01 9.584731324021301957e-02 0.000000000000000000e+00 1.867154003700973175e-01 0.000000000000000000e+00
5.801696333520929283e-01 9.575298933650913669e-02 0.000000000000000000e+00 1.868555379192772259e-01 0.000000000000000000e+00
5.799484522053116597e-01 9.565978826219577458e-02 0.000000000000000000e+00 1.869923520484176871e-01 0.000000000000000000e+00
5.797307465760277445e-01 9.556768872282350724e-02 0.000000000000000000e+00 1.871259405666155229e-01 0.000000000000000000e+00
5.795164397612750928e-01 9.547667019429202651e-02 0.000000000000000000e+00 1.872563980000333250e-01 0.000000000000000000e+00
5.793054573923143158e-01 9.538671289670257181e-02 0.000000000000000000e+00 1.873838156975737024e-01 0.000000000000000000e+00
5.790977273547792681e-01 9.529779776701016725e-02 0.000000000000000000e+00 1.875082819410613666e-01 0.000000000000000000e+00
5.788931797115874911e-01 9.520990642599026776e-02 0.000000000000000000e+00 1.876298820501341447e-01 0.000000000000000000e+00
5.786917466323735493e-01 9.512302115286488946e-02 0.000000000000000000e+00 1.877486984808269810e-01 0.000000000000000000e+00
5.784933623231771627e-01 9.503712486564896977e-02 0.000000000000000000e+00 1.878648109197958715e-01 0.000000000000000000e+00
5.782979629591687987e-01 9.495220109303954825e-02 0.000000000000000000e+00 1.879782963785679717e-01 0.000000000000000000e+00
5.781054866141835946e-01 9.486823394832555323e-02 0.000000000000000000e+00 1.880892292910658625e-01 0.000000000000000000e+00
5.779158732002770416e-01 9.478520810759365200e-02 0.000000000000000000e+00 1.881976815989609697e-01 0.000000000000000000e+00
5.777290644095848249e-01 9.470310878672377752e-02 0.000000000000000000e+00 1.883037228359427107e-01 0.000000000000000000e+00
5.775450036534618414e-01 9.462192172112499078e-02 0.000000000000000000e+00 1.884074202100821660e-01 0.000000000000000000e+00
5.773636360049629879e-01 9.454163314603673818e-02 0.000000000000000000e+00 1.885088386897414703e-01 0.000000000000000000e+00
5.771849081422476546e-01 9.446222977092007256e-02 0.000000000000000000e+00 1.886080410783435579e-01 0.000000000000000000e+00
5.770087682964554210e-01 9.438369876127003510e-02 0.000000000000000000e+00 1.887050880909109940e-01 0.000000000000000000e+00
5.768351662043176287e-01 9.430602772411719736e-02 0.000000000000000000e+00 1.888000384265492992e-01 0.000000000000000000e+00
5.766640530574422829e-01 9.422920468883287659e-02 0.000000000000000000e+00 1.888929488394325562e-01 0.000000000000000000e+00
5.764953814500970442e-01 9.415321808385648805e-02 0.000000000000000000e+00 1.889838742099446967e-01 0.000000000000000000e+00
5.763291053336117020e-01 9.407805672260917407e-02 0.000000000000000000e+00 1.890728676093729466e-01 0.000000000000000000e+00
5.761651799736693391e-01 9.400370978787531140e-02 0.000000000000000000e+00 1.891599803633467747e-01 0.000000000000000000e+00
5.760035619061228962e-01 9.393016681505583776e-02 0.000000000000000000e+00 1.892452621144760927e-01 0.000000000000000000e+00
5.758442088945642245e-01 9.385741767571362248e-02 0.000000000000000000e+00 1.893287608825521551e-01 0.000000000000000000e+00
5.756870798900202146e-01 9.378545256255917117e-02 0.000000000000000000e+00 1.894105231240567067e-01 0.000000000000000000e+00
5.755321349920019536e-01 9.371426197654199319e-02 0.000000000000000000e+00 1.894905937878949287e-01 0.000000000000000000e+00
5.753793354082998857e-01 9.364383671027776135e-02 0.000000000000000000e+00 1.895690163658909078e-01 0.000000000000000000e+00
5.752286434215972966e-01 9.357416783769147151e-02 0.000000000000000000e+00 1.896458329492813066e-01 0.000000000000000000e+00
5.750800223507580577e-01 9.350524669877295636e-02 0.000000000000000000e+00 1.897210842808561559e-01 0.000000000000000000e+00
5.749334365162239724e-01 9.343706488770008034e-02 0.000000000000000000e+00 1.897948098001716599e-01 0.000000000000000000e+00
5.747888512070846723e-01 9.336961424038629775e-02 0.000000000000000000e+00 1.898670476922508510e-01 0.000000000000000000e+00
5.746462326504160334e-01 9.330288682249196497e-02 0.000000000000000000e+00 1.899378349327793258e-01 0.000000000000000000e+00
5.745055479772738227e-01 9.323687491909531111e-02 0.000000000000000000e+00 1.900072073303365472e-01 0.000000000000000000e+00
5.743667651921741113e-01 9.317157102299665483e-02 0.000000000000000000e+00 1.900751995696404184e-01 0.000000000000000000e+00
5.742298531446599075e-01 9.310696782452382303e-02 0.000000000000000000e+00 1.901418452547096738e-01 0.000000000000000000e+00
5.740947814992733989e-01 9.304305820108442482e-02 0.000000000000000000e+00 1.902071769459503792e-01 0.000000000000000000e+00
5.739615207092471083e-01 9.297983520865248097e-02 0.000000000000000000e+00 1.902712261968849128e-01 0.000000000000000000e+00
5.738300419900458360e-01 9.291729207216196940e-02 0.000000000000000000e+00 1.903340235929565083e-01 0.000000000000000000e+00
5.737003172918128113e-01 9.285542217553847955e-02 0.000000000000000000e+00 1.903955987857056664e-01 0.000000000000000000e+00
5.735723192746599031e-01 9.279421905483420385e-02 0.000000000000000000e+00 1.904559805277438456e-01 0.000000000000000000e+00
5.734460212840690740e-01 9.273367638852336725e-02 0.000000000000000000e+00 1.905151967040535355e-01 0.000000000000000000e+00
5.733213973303343813e-01 9.267378799133754730e-02 0.000000000000000000e+00 1.905732743651567529e-01 0.000000000000000000e+00
5.731984220613700609e-01 9.261454780589069291e-02 0.000000000000000000e+00 1.906302397555404149e-01 0.000000000000000000e+00
5.730770707406479536e-01 9.255594989358270630e-02 0.000000000000000000e+00 1.906861183416528049e-01 0.000000000000000000e+00
5.729573192266238513e-01 9.249798842984957581e-02 0.000000000000000000e+00 1.907409348422949569e-01 0.000000000000000000e+00
5.728391439555363673e-01 9.244065770005327476e-02 0.000000000000000000e+00 1.907947132560225412e-01 0.000000000000000000e+00
5.727225219169811421e-01 9.238395208983478379e-02 0.000000000000000000e+00 1.908474768851959602e-01 0.000000000000000000e+00
5.726074306368327260e-01 9.232786608019390162e-02 0.000000000000000000e+00 1.908992483617504010e-01 0.000000000000000000e+00
5.724938481563047743e-01 9.227239424001407175e-02 0.000000000000000000e+00 1.909500496695606675e-01 0.000000000000000000e+00
5.723817530163327616e-01 9.221753122299658489e-02 0.000000000000000000e+00 1.909999021700725386e-01 0.000000000000000000e+00
5.722711242393463404e-01 9.216327176275557198e-02 0.000000000000000000e+00 1.910488266237486688e-01 0.000000000000000000e+00
5.721619413113745445e-01 9.210961066890849258e-02 0.000000000000000000e+00 1.910968432112025717e-01 0.000000000000000000e+00
5.720541841683328688e-01 9.205654282034264613e-02 0.000000000000000000e+00 1.911439715541569939e-01 0.000000000000000000e+00
5.719478331782780200e-01 9.200406316010589780e-02 0.000000000000000000e+00 1.911902307329028661e-01 0.000000000000000000e+00
5.718428691260654118e-01 9.195216669238071017e-02 0.000000000000000000e+00 1.912356393060916926e-01 0.000000000000000000e+00
5.717392731976873588e-01 9.190084847896273779e-02 0.000000000000000000e+00 1.912802153295546370e-01 0.000000000000000000e+00
5.716370269683399563e-01 9.185010363688261847e-02 0.000000000000000000e+00 1.913239763745566147e-01 0.000000000000000000e+00
5.715361123888675898e-01 9.179992733398989468e-02 0.000000000000000000e+00 1.913669395444541343e-01 0.000000000000000000e+00
5.714365117711744935e-01 9.175031478413538111e-02 0.000000000000000000e+00 1.914091214891733006e-01 0.000000000000000000e+00
5.713382077765105649e-01 9.170126124581350069e-02 0.000000000000000000e+00 1.914505384214041650e-01 0.000000000000000000e+00
5.712411834018928936e-01 9.165276201858639504e-02 0.000000000000000000e+00 1.914912061320308556e-01 0.000000000000000000e+00
5.711454219694913625e-01 9.160481244152390845e-02 0.000000000000000000e+00 1.915311400037609801e-01 0.000000000000000000e+00
5.710509071155047689e-01 9.155740788937048735e-02 0.000000000000000000e+00 1.915703550251526555e-01 0.000000000000000000e+00
5.709576227796482328e-01 9.151054377086856317e-02 0.000000000000000000e+00 1.916088658034155734e-01 0.000000000000000000e+00
5.708655531948009232e-01 9.146421552710619352e-02 0.000000000000000000e+00 1.916466865777335105e-01 0.000000000000000000e+00
5.707746828759612256e-01 9.141841862841966482e-02 0.000000000000000000e+00 1.916838312312224568e-01 0.000000000000000000e+00
5.706849966106202210e-01 9.137314857328644735e-02 0.000000000000000000e+00 1.917203133025116857e-01 0.000000000000000000e+00
5.705964794492133230e-01 9.132840088647502241e-02 0.000000000000000000e+00 1.917561459963773030e-01 0.000000000000000000e+00
5.705091166984087581e-01 9.128417111789022265e-02 0.000000000000000000e+00 1.917913421952093800e-01 0.000000000000000000e+00
5.704228939108902940e-01 9.124045484082174418e-02 0.000000000000000000e+00 1.918259144689939411e-01 0.000000000000000000e+00
5.703377968782180618e-01 9.119724765139644584e-02 0.000000000000000000e+00 1.918598750862893498e-01 0.000000000000000000e+00
5.702538116210663643e-01 9.115454516607285340e-02 0.000000000000000000e+00 1.918932360225195088e-01 0.000000000000000000e+00
5.701709243829201634e-01 9.111234302008067165e-02 0.000000000000000000e+00 1.919260089697264193e-01 0.000000000000000000e+00
5.700891216231980252e-01 9.107063686750564713e-02 0.000000000000000000e+00 1.919582053449685743e-01 0.000000000000000000e+00
5.700083900096587497e-01 9.102942238018744969e-02 0.000000000000000000e+00 1.919898362988190499e-01 0.000000000000000000e+00
5.699287164121757954e-01 9.098869524773532669e-02 0.000000000000000000e+00 1.920209127236791047e-01 0.000000000000000000e+00
5.698500878963294047e-01 9.094845117656830125e-02 0.000000000000000000e+00 1.920514452617976542e-01 0.000000000000000000e+00
5.697724917176942849e-01 9.090868588894623903e-02 0.000000000000000000e+00 1.920814443136235894e-01 0.000000000000000000e+00
5.696959153152560962e-01 9.086939512172108324e-02 0.000000000000000000e+00 1.921109200440832276e-01 0.000000000000000000e+00
5.696203463073561402e-01 9.083057462696243756e-02 0.000000000000000000e+00 1.921398823890983487e-01 0.000000000000000000e+00
5.695457724851042958e-01 9.079222017044732973e-02 0.000000000000000000e+00 1.921683410621749244e-01 0.000000000000000000e+00
5.694721818071372121e-01 9.075432753265556818e-02 0.000000000000000000e+00 1.921963055620947436e-01 0.000000000000000000e+00
5.693995623953164165e-01 9.071689250803487148e-02 0.000000000000000000e+00 1.922237851785208729e-01 0.000000000000000000e+00
5.693279025303352725e-01 9.067991090425274459e-02 0.000000000000000000e+00 1.922507889978752604e-01 0.000000000000000000e+00
5.692571906469449106e-01 9.064337854292306429e-02 0.000000000000000000e+00 1.922773259091961340e-01 0.000000000000000000e+00
5.691874153300172656e-01 9.060729125976411946e-02 0.000000000000000000e+00 1.923034046095282446e-01 0.000000000000000000e+00
5.691185653105754749e-01 9.057164490440840210e-02 0.000000000000000000e+00 1.923290336094941877e-01 0.000000000000000000e+00
5.690506294615523819e-01 9.053643533914521035e-02 0.000000000000000000e+00 1.923542212381339767e-01 0.000000000000000000e+00
5.689835967949405937e-01 9.050165843955268463e-02 0.000000000000000000e+00 1.923789756476907142e-01 0.000000000000000000e+00
5.689174564578818316e-01 9.046731009478299612e-02 0.000000000000000000e+00 1.924033048193925510e-01 0.000000000000000000e+00
5.688521977290541543e-01 9.043338620769149350e-02 0.000000000000000000e+00 1.924272165671389589e-01 0.000000000000000000e+00
5.687878100156178451e-01 9.039988269555840339e-02 0.000000000000000000e+00 1.924507185417917154e-01 0.000000000000000000e+00
5.687242828502322434e-01 9.036679548973081122e-02 0.000000000000000000e+00 1.924738182361449834e-01 0.000000000000000000e+00
5.686616058881028835e-01 9.033412053583439461e-02 0.000000000000000000e+00 1.924965229886876628e-01 0.000000000000000000e+00
5.685997689051053294e-01 9.030185379408024737e-02 0.000000000000000000e+00 1.925188399874115663e-01 0.000000000000000000e+00
5.685387617943071792e-01 9.026999123911137735e-02 0.000000000000000000e+00 1.925407762738876316e-01 0.000000000000000000e+00
5.684785745645517530e-01 9.023852886172685495e-02 0.000000000000000000e+00 1.925623387474994508e-01 0.000000000000000000e+00
5.684191973371428563e-01 9.020746266743900899e-02 0.000000000000000000e+00 1.925835341679630330e-01 0.000000000000000000e+00
5.683606203432053361e-01 9.017678867667586196e-02 0.000000000000000000e+00 1.926043691592092266e-01 0.000000000000000000e+00
5.683028339220459468e-01 9.014650292635316420e-02 0.000000000000000000e+00 1.926248502130353812e-01 0.000000000000000000e+00
5.682458285194601499e-01 9.011660146954038331e-02 0.000000000000000000e+00 1.926449836916193925e-01 0.000000000000000000e+00
5.681895946859012447e-01 9.008708037667820245e-02 0.000000000000000000e+00 1.926647758319275372e-01 0.000000000000000000e+00
5.681341230747694038e-01 9.005793573481009340e-02 0.000000000000000000e+00 1.926842327476516459e-01 0.000000000000000000e+00
5.680794044396972886e-01 9.002916364860333309e-02 0.000000000000000000e+00 1.927033604323568627e-01 0.000000000000000000e+00
5.680254296334061870e-01 9.000076023998697383e-02 0.000000000000000000e+00 1.927221647622984757e-01 0.000000000000000000e+00
5.679721896057309261e-01 8.997272164878623857e-02 0.000000000000000000e+00 1.927406514995587405e-01 0.000000000000000000e+00
5.679196754028400518e-01 8.994504403355842170e-02 0.000000000000000000e+00 1.927588262944325559e-01 0.000000000000000000e+00
5.678678781647950036e-01 8.991772357143348882e-02 0.000000000000000000e+00 1.927766946881937504e-01 0.000000000000000000e+00
5.678167891254686239e-01 8.989075645892094513e-02 0.000000000000000000e+00 1.927942621152360092e-01 0.000000000000000000e+00
5.677663996120098089e-01 8.986413891256651854e-02 0.000000000000000000e+00 1.928115339051412469e-01 0.000000000000000000e+00
5.677167010418686655e-01 8.983786716834560315e-02 0.000000000000000000e+00 1.928285152862603546e-01 0.000000000000000000e+00
5.676676849214524756e-01 8.981193748241741992e-02 0.000000000000000000e+00 1.928452113870124385e-01 0.000000000000000000e+00
5.676193428449221035e-01 8.978634613103729512e-02 0.000000000000000000e+00 1.928616272381067920e-01 0.000000000000000000e+00
5.675716664933633249e-01 8.976108941198357449e-02 0.000000000000000000e+00 1.928777677750393160e-01 0.000000000000000000e+00
5.675246476338896562e-01 8.973616364388059541e-02 0.000000000000000000e+00 1.928936378404882412e-01 0.000000000000000000e+00
5.674782781193991044e-01 8.971156516752605559e-02 0.000000000000000000e+00 1.929092421862006468e-01 0.000000000000000000e+00
5.674325498893005859e-01 8.968729034562725189e-02 0.000000000000000000e+00 1.929245854744265631e-01 0.000000000000000000e+00
5.673874549648337817e-01 8.966333556336734956e-02 0.000000000000000000e+00 1.929396722799437414e-01 0.000000000000000000e+00
5.673429854492254565e-01 8.963969722776579663e-02 0.000000000000000000e+00 1.929545070916968974e-01 0.000000000000000000e+00
5.672991335267638657e-01 8.961637176858754106e-02 0.000000000000000000e+00 1.929690943153555549e-01 0.000000000000000000e+00
5.672558914631135041e-01 8.959335563947307124e-02 0.000000000000000000e+00 1.929834382747948607e-01 0.000000000000000000e+00
5.672132516035367500e-01 8.957064531656459827e-02 0.000000000000000000e+00 1.929975432135289104e-01 0.000000000000000000e+00
5.671712063729180686e-01 8.954823730057547004e-02 0.000000000000000000e+00 1.930114132970946750e-01 0.000000000000000000e+00
5.671297482753063779e-01 8.952612811622838451e-02 0.000000000000000000e+00 1.930250526136692568e-01 0.000000000000000000e+00
5.670888698928792104e-01 8.950431431194633136e-02 0.000000000000000000e+00 1.930384651761985482e-01 0.000000000000000000e+00
5.670485638841157305e-01 8.948279246128303110e-02 0.000000000000000000e+00 1.930516549246204527e-01 0.000000000000000000e+00
5.670088229840130056e-01 8.946155916228380744e-02 0.000000000000000000e+00 1.930646257258809839e-01 0.000000000000000000e+00
5.669696400034184292e-01 8.944061103754614994e-02 0.000000000000000000e+00 1.930773813761244018e-01 0.000000000000000000e+00
5.669310078281524223e-01 8.941994473461561954e-02 0.000000000000000000e+00 1.930899256021168520e-01 0.000000000000000000e+00
5.668929194183561782e-01 8.939955692642662100e-02 0.000000000000000000e+00 1.931022620631819842e-01 0.000000000000000000e+00
5.668553678092873582e-01 8.937944431182329175e-02 0.000000000000000000e+00 1.931143943511868244e-01 0.000000000000000000e+00
5.668183461099338682e-01 8.935960361645692296e-02 0.000000000000000000e+00 1.931263259938717503e-01 0.000000000000000000e+00
5.667818475011914270e-01 8.934003159066830624e-02 0.000000000000000000e+00 1.931380604543296853e-01 0.000000000000000000e+00
5.667458652367318717e-01 8.932072501078841542e-02 0.000000000000000000e+00 1.931496011330229579e-01 0.000000000000000000e+00
5.667103926417293991e-01 8.930168067941354759e-02 0.000000000000000000e+00 1.931609513689890589e-01 0.000000000000000000e+00
5.666754231122803631e-01 8.928289542547940272e-02 0.000000000000000000e+00 1.931721144409090374e-01 0.000000000000000000e+00
5.666409501157887441e-01 8.926436610451400633e-02 0.000000000000000000e+00 1.931830935680229622e-01 0.000000000000000000e+00
5.666069671895426207e-01 8.924608959873253644e-02 0.000000000000000000e+00 1.931938919121733989e-01 0.000000000000000000e+00
5.665734679407835594e-01 8.922806281726190780e-02 0.000000000000000000e+00 1.932045125780964545e-01 0.000000000000000000e+00
5.665404460456933133e-01 8.921028269555261736e-02 0.000000000000000000e+00 1.932149586146911513e-01 0.000000000000000000e+00
5.665078952497090148e-01 8.919274619583140995e-02 0.000000000000000000e+00 1.932252330168128251e-01 0.000000000000000000e+00
5.664758093654181925e-01 8.917545030786382110e-02 0.000000000000000000e+00 1.932353387249432786e-01 0.000000000000000000e+00
5.664441822738512933e-01 8.915839204817796460e-02 0.000000000000000000e+00 1.932452786273471945e-01 0.000000000000000000e+00
5.664130079230716985e-01 8.914156845971353549e-02 0.000000000000000000e+00 1.932550555605627995e-01 0.000000000000000000e+00
5.663822803280094131e-01 8.912497661333736165e-02 0.000000000000000000e+00 1.932646723105586883e-01 0.000000000000000000e+00
5.663519935698145824e-01 8.910861360686596344e-02 0.000000000000000000e+00 1.932741316134476695e-01 0.000000000000000000e+00
5.663221417952017944e-01 8.909247656513880065e-02 0.000000000000000000e+00 1.932834361566574954e-01 0.000000000000000000e+00
5.662927192167388490e-01 8.907656264059321538e-02 0.000000000000000000e+00 1.932925885801720645e-01 0.000000000000000000e+00
5.662637201107185714e-01 8.906086901213991491e-02 0.000000000000000000e+00 1.933015914767847732e-01 0.000000000000000000e+00
5.662351388194197810e-01 8.904539288621204918e-02 0.000000000000000000e+00 1.933104473933668077e-01 0.000000000000000000e+00
5.662069697476439512e-01 8.903013149648379698e-02 0.000000000000000000e+00 1.933191588319053411e-01 0.000000000000000000e+00
5.661792073638653999e-01 8.901508210376284091e-02 0.000000000000000000e+00 1.933277282496884963e-01 0.000000000000000000e+00
5.661518461999019980e-01 8.900024199619387122e-02 0.000000000000000000e+00 1.933361580604941732e-01 0.000000000000000000e+00
5.661248808500349838e-01 8.898560848890597896e-02 0.000000000000000000e+00 1.933444506355209147e-01 0.000000000000000000e+00
5.660983059703414977e-01 8.897117892397170269e-02 0.000000000000000000e+00 1.933526083040546240e-01 0.000000000000000000e+00
5.660721162788040495e-01 8.895695067064494921e-02 0.000000000000000000e+00 1.933606333543751443e-01 0.000000000000000000e+00
5.660463065543831496e-01 8.894292112486142099e-02 0.000000000000000000e+00 1.933685280342839763e-01 0.000000000000000000e+00
5.660208716365608961e-01 8.892908770968178944e-02 0.000000000000000000e+00 1.933762945519669485e-01 0.000000000000000000e+00
5.659958064250633081e-01 8.891544787507787984e-02 0.000000000000000000e+00 1.933839350768785381e-01 0.000000000000000000e+00
5.659711058792008531e-01 8.890199909767652897e-02 0.000000000000000000e+00 1.933914517404505262e-01 0.000000000000000000e+00
5.659467650175664666e-01 8.888873888073332841e-02 0.000000000000000000e+00 1.933988466362274727e-01 0.000000000000000000e+00
5.659227789174865464e-01 8.887566475407601696e-02 0.000000000000000000e+00 1.934061218211971522e-01 0.000000000000000000e+00
5.658991427149031583e-01 8.886277427408172114e-02 0.000000000000000000e+00 1.934132793160010799e-01 0.000000000000000000e+00
5.658758516039978925e-01 8.885006502411958718e-02 0.000000000000000000e+00 1.934203211069207839e-01 0.000000000000000000e+00
5.658529008351121936e-01 8.883753461275502306e-02 0.000000000000000000e+00 1.934272491438078223e-01 0.000000000000000000e+00
5.658302857161513488e-01 8.882518067503827885e-02 0.000000000000000000e+00 1.934340653433766766e-01 0.000000000000000000e+00
5.658080016115312194e-01 8.881300087207061322e-02 0.000000000000000000e+00 1.934407715884459145e-01 0.000000000000000000e+00
5.657860439416966258e-01 8.880099289073767332e-02 0.000000000000000000e+00 1.934473697292118932e-01 0.000000000000000000e+00
5.657644081824536597e-01 8.878915444430489357e-02 0.000000000000000000e+00 1.934538615833254760e-01 0.000000000000000000e+00
5.657430898643033279e-01 8.877748327133823392e-02 0.000000000000000000e+00 1.934602489368124623e-01 0.000000000000000000e+00
5.657220845727457537e-01 8.876597713619131802e-02 0.000000000000000000e+00 1.934665335444323564e-01 0.000000000000000000e+00
5.657013879471362028e-01 8.875463382829311410e-02 0.000000000000000000e+00 1.934727171303472493e-01 0.000000000000000000e+00
5.656809956802391071e-01 8.874345116235955733e-02 0.000000000000000000e+00 1.934788013886844515e-01 0.000000000000000000e+00
5.656609035192848856e-01 8.873242697805926171e-02 0.000000000000000000e+00 1.934847879839837748e-01 0.000000000000000000e+00
5.656411072626514880e-01 8.872155914015868172e-02 0.000000000000000000e+00 1.934906785520352779e-01 0.000000000000000000e+00
5.656216027611720154e-01 8.871084553806432571e-02 0.000000000000000000e+00 1.934964747000009200e-01 0.000000000000000000e+00
5.656023859181062985e-01 8.870028408604095638e-02 0.000000000000000000e+00 1.935021780072173070e-01 0.000000000000000000e+00
5.655834526874540247e-01 8.868987272279810208e-02 0.000000000000000000e+00 1.935077900255414707e-01 0.000000000000000000e+00
5.655647990743688514e-01 8.867960941131526609e-02 0.000000000000000000e+00 1.935133122798773087e-01 0.000000000000000000e+00
5.655464211339433778e-01 8.866949213828913268e-02 0.000000000000000000e+00 1.935187462683890247e-01 0.000000000000000000e+00
5.655283149715956137e-01 8.865951891507531379e-02 0.000000000000000000e+00 1.935240934637991739e-01 0.000000000000000000e+00
5.655104767415040090e-01 8.864968777624214480e-02 0.000000000000000000e+00 1.935293553130163768e-01 0.000000000000000000e+00
5.654929026471885445e-01 8.863999678012049466e-02 0.000000000000000000e+00 1.935345332380358774e-01 0.000000000000000000e+00
5.654755889403646485e-01 8.863044400847581994e-02 0.000000000000000000e+00 1.935396286362905116e-01 0.000000000000000000e+00
5.654585319208799143e-01 8.862102756616577204e-02 0.000000000000000000e+00 1.935446428809980968e-01 0.000000000000000000e+00
5.654417279362109472e-01 8.861174558125231582e-02 0.000000000000000000e+00 1.935495773214553350e-01 0.000000000000000000e+00
5.654251733808766112e-01 8.860259620473558140e-02 0.000000000000000000e+00 1.935544332836063031e-01 0.000000000000000000e+00
5.654088646960652165e-01 8.859357761034136747e-02 0.000000000000000000e+00 1.935592120708100605e-01 0.000000000000000000e+00
5.653927983685311798e-01 8.858468799411794992e-02 0.000000000000000000e+00 1.935639149634849898e-01 0.000000000000000000e+00
5.653769709312431724e-01 8.857592557452699522e-02 0.000000000000000000e+00 1.935685432204596323e-01 0.000000000000000000e+00
5.653613789621563246e-01 8.856728859199652915e-02 0.000000000000000000e+00 1.935730980786751487e-01 0.000000000000000000e+00
5.653460190837971133e-01 8.855877530898564887e-02 0.000000000000000000e+00 1.935775807537844784e-01 0.000000000000000000e+00
5.653308879632985562e-01 8.855038400955422828e-02 0.000000000000000000e+00 1.935819924404623693e-01 0.000000000000000000e+00
5.653159823117110960e-01 8.854211299986924910e-02 0.000000000000000000e+00 1.935863343132495640e-01 0.000000000000000000e+00
5.653012988829758667e-01 8.853396060687826474e-02 0.000000000000000000e+00 1.935906075259914427e-01 0.000000000000000000e+00
5.652868344741150963e-01 8.852592517869564692e-02 0.000000000000000000e+00 1.935948132126612820e-01 0.000000000000000000e+00
5.652725859239124961e-01 8.851800508441146076e-02 0.000000000000000000e+00 1.935989524879734303e-01 0.000000000000000000e+00
5.652585501150524383e-01 8.851019871397750038e-02 0.000000000000000000e+00 1.936030264474099816e-01 0.000000000000000000e+00
5.652447239698525916e-01 8.850250447786423003e-02 0.000000000000000000e+00 1.936070361678972063e-01 0.000000000000000000e+00
5.652311044525939465e-01 8.849492080713439179e-02 0.000000000000000000e+00 1.936109827074151690e-01 0.000000000000000000e+00
5.652176885679578433e-01 8.848744615247625123e-02 0.000000000000000000e+00 1.936148671067048355e-01 0.000000000000000000e+00
5.652044733609319360e-01 8.848007898517325220e-02 0.000000000000000000e+00 1.936186903878855115e-01 0.000000000000000000e+00
5.651914559158336404e-01 8.847281779569673987e-02 0.000000000000000000e+00 1.936224535559611104e-01 0.000000000000000000e+00
5.651786333568978860e-01 8.846566109440430481e-02 0.000000000000000000e+00 1.936261575987665851e-01 0.000000000000000000e+00
5.651660028469437380e-01 8.845860741094779822e-02 0.000000000000000000e+00 1.936298034870594098e-01 0.000000000000000000e+00
5.651535615873108931e-01 8.845165529426338158e-02 0.000000000000000000e+00 1.936333921749462117e-01 0.000000000000000000e+00
5.651413068174618859e-01 8.844480331214306379e-02 0.000000000000000000e+00 1.936369246004104316e-01 0.000000000000000000e+00
5.651292358143825689e-01 8.843805005113535012e-02 0.000000000000000000e+00 1.936404016853757459e-01 0.000000000000000000e+00
5.651173458925903281e-01 8.843139411672482075e-02 0.000000000000000000e+00 1.936438243363063361e-01 0.000000000000000000e+00
5.651056344024789624e-01 8.842483413211271737e-02 0.000000000000000000e+00 1.936471934435389231e-01 0.000000000000000000e+00
5.650940987318916475e-01 8.841836873942869601e-02 0.000000000000000000e+00 1.936505098828820992e-01 0.000000000000000000e+00
5.650827363036889928e-01 8.841199659843264336e-02 0.000000000000000000e+00 1.936537745154750800e-01 0.000000000000000000e+00
5.650715445758329736e-01 8.840571638648528352e-02 0.000000000000000000e+00 1.936569881872250987e-01 0.000000000000000000e+00
5.650605210419612501e-01 8.839952679880765107e-02 0.000000000000000000e+00 1.936601517300465536e-01 0.000000000000000000e+00
5.650496632300650024e-01 8.839342654788691356e-02 0.000000000000000000e+00 1.936632659615601382e-01 0.000000000000000000e+00
5.650389687023158469e-01 8.838741436351113534e-02 0.000000000000000000e+00 1.936663316851310046e-01 0.000000000000000000e+00
5.650284350551432189e-01 8.838148899244310797e-02 0.000000000000000000e+00 1.936693496910734669e-01 0.000000000000000000e+00
5.650180599181918728e-01 8.837564919836228550e-02 0.000000000000000000e+00 1.936723207561046878e-01 0.000000000000000000e+00
5.650078409542351743e-01 8.836989376159729015e-02 0.000000000000000000e+00 1.936752456437060566e-01 0.000000000000000000e+00
5.649977758587008125e-01 8.836422147884202827e-02 0.000000000000000000e+00 1.936781251045213426e-01 0.000000000000000000e+00
5.649878623592662352e-01 8.835863116367724535e-02 0.000000000000000000e+00 1.936809598763022944e-01 0.000000000000000000e+00
5.649780982153734810e-01 8.835312164483696828e-02 0.000000000000000000e+00 1.936837506844597545e-01 0.000000000000000000e+00
5.649684812174694537e-01 8.834769176737815310e-02 0.000000000000000000e+00 1.936864982422654979e-01 0.000000000000000000e+00
5.649590091871775632e-01 8.834234039192845334e-02 0.000000000000000000e+00 1.936892032508092110e-01 0.000000000000000000e+00
5.649496799769629929e-01 8.833706639475906452e-02 0.000000000000000000e+00 1.936918663994631196e-01 0.000000000000000000e+00
5.649404914688335166e-01 8.833186866670258985e-02 0.000000000000000000e+00 1.936944883651330329e-01 0.000000000000000000e+00
5.649314415765209763e-01 8.832674611608146154e-02 0.000000000000000000e+00 1.936970698157035042e-01 0.000000000000000000e+00
5.649225282414267468e-01 8.832169766366858299e-02 0.000000000000000000e+00 1.936996114053178841e-01 0.000000000000000000e+00
5.649137494346809785e-01 8.831672224588746345e-02 0.000000000000000000e+00 1.937021137781242963e-01 0.000000000000000000e+00
5.649051031563174785e-01 8.831181881375695097e-02 0.000000000000000000e+00 1.937045775671204229e-01 0.000000000000000000e+00
5.648965874347905425e-01 8.830698633280964494e-02 0.000000000000000000e+00 1.937070033945989256e-01 0.000000000000000000e+00
5.648882003268898000e-01 8.830222378302558794e-02 0.000000000000000000e+00 1.937093918727570974e-01 0.000000000000000000e+00
5.648799399169298630e-01 8.829753015831522112e-02 0.000000000000000000e+00 1.937117436031930706e-01 0.000000000000000000e+00
5.648718043167225700e-01 8.829290446665427616e-02 0.000000000000000000e+00 1.937140591777062604e-01 0.000000000000000000e+00
5.648637916652570201e-01 8.828834572974475492e-02 0.000000000000000000e+00 1.937163391780314936e-01 0.000000000000000000e+00
5.648559001279805925e-01 8.828385298296660688e-02 0.000000000000000000e+00 1.937185841760973859e-01 0.000000000000000000e+00
5.648481278970248765e-01 8.827942527505758252e-02 0.000000000000000000e+00 1.937207947344459225e-01 0.000000000000000000e+00
5.648404731895595443e-01 8.827506166756970973e-02 0.000000000000000000e+00 1.937229714056118712e-01 0.000000000000000000e+00
5.648329342487408145e-01 8.827076123555281650e-02 0.000000000000000000e+00 1.937251147334585477e-01 0.000000000000000000e+00
5.648255093431092666e-01 8.826652306685436877e-02 0.000000000000000000e+00 1.937272252527202643e-01 0.000000000000000000e+00
5.648181967662364578e-01 8.826234626192339117e-02 0.000000000000000000e+00 1.937293034890887611e-01 0.000000000000000000e+00
5.648109948363571053e-01 8.825822993423701468e-02 0.000000000000000000e+00 1.937313499594814914e-01 0.000000000000000000e+00
5.648039018959745139e-01 8.825417320942104127e-02 0.000000000000000000e+00 1.937333651724030270e-01 0.000000000000000000e+00
5.647969163116111080e-01 8.825017522523491420e-02 0.000000000000000000e+00 1.937353496272665732e-01 0.000000000000000000e+00
5.647900364733683398e-01 8.824623513192932089e-02 0.000000000000000000e+00 1.937373038158737848e-01 0.000000000000000000e+00
5.647832607948036765e-01 8.824235209121047974e-02 0.000000000000000000e+00 1.937392282214341621e-01 0.000000000000000000e+00
5.647765877125425771e-01 8.823852527712625071e-02 0.000000000000000000e+00 1.937411233193142568e-01 0.000000000000000000e+00
5.647700156859112308e-01 8.823475387498730393e-02 0.000000000000000000e+00 1.937429895766177856e-01 0.000000000000000000e+00
5.647635431967967801e-01 8.823103708182353233e-02 0.000000000000000000e+00 1.937448274529795511e-01 0.000000000000000000e+00
5.647571687491101944e-01 8.822737410599006125e-02 0.000000000000000000e+00 1.937466374003800340e-01 0.000000000000000000e+00
5.647508908685807683e-01 8.822376416710937808e-02 0.000000000000000000e+00 1.937484198631193866e-01 0.000000000000000000e+00
5.647447081026294446e-01 8.822020649578427021e-02 0.000000000000000000e+00 1.937501752783728493e-01 0.000000000000000000e+00
5.647386190198712130e-01 8.821670033352625728e-02 0.000000000000000000e+00 1.937519040759055899e-01 0.000000000000000000e+00
5.647326222098664195e-01 8.821324493261473165e-02 0.000000000000000000e+00 1.937536066783739630e-01 0.000000000000000000e+00
5.647267162825653219e-01 8.820983955590573633e-02 0.000000000000000000e+00 1.937552835014451080e-01 0.000000000000000000e+00
5.647208998687339720e-01 8.820648347676304790e-02 0.000000000000000000e+00 1.937569349539634556e-01 0.000000000000000000e+00
5.647151716191283199e-01 8.820317597882103289e-02 0.000000000000000000e+00 1.937585614379953580e-01 0.000000000000000000e+00
5.647095302040791021e-01 8.819991635622247139e-02 0.000000000000000000e+00 1.937601633489171582e-01 0.000000000000000000e+00
5.647039743137378665e-01 8.819670391291460632e-02 0.000000000000000000e+00 1.937617410755222980e-01 0.000000000000000000e+00
5.646985026576332167e-01 8.819353796303484871e-02 0.000000000000000000e+00 1.937632950002583510e-01 0.000000000000000000e+00
5.646931139642579200e-01 8.819041783010321545e-02 0.000000000000000000e+00 1.937648254993055430e-01 0.000000000000000000e+00
5.646878069808221046e-01 8.818734284792480171e-02 0.000000000000000000e+00 1.937663329425605152e-01 0.000000000000000000e+00
5.646825804730026821e-01 8.818431235938936630e-02 0.000000000000000000e+00 1.937678176939240104e-01 0.000000000000000000e+00
5.646774332249239192e-01 8.818132571692254007e-02 0.000000000000000000e+00 1.937692801113004015e-01 0.000000000000000000e+00
5.646723640380399978e-01 8.817838228189864291e-02 0.000000000000000000e+00 1.937707205461870474e-01 0.000000000000000000e+00
5.646673717325827457e-01 8.817548142555017843e-02 0.000000000000000000e+00 1.937721393452600527e-01 0.000000000000000000e+00
5.646624551455835528e-01 8.817262252766308595e-02 0.000000000000000000e+00 1.937735368487888410e-01 0.000000000000000000e+00
5.646576131317287972e-01 8.816980497706403130e-02 0.000000000000000000e+00 1.937749133916999156e-01 0.000000000000000000e+00
5.646528445620639935e-01 8.816702817150341709e-02 0.000000000000000000e+00 1.937762693035431638e-01 0.000000000000000000e+00
5.646481483247618449e-01 8.816429151716666246e-02 0.000000000000000000e+00 1.937776049080699170e-01 0.000000000000000000e+00
5.646435233247103502e-01 8.816159442901853882e-02 0.000000000000000000e+00 1.937789205241253199e-01 0.000000000000000000e+00
5.646389684830502853e-01 8.815893633019676601e-02 0.000000000000000000e+00 1.937802164649830849e-01 0.000000000000000000e+00
5.646344827369047525e-01 8.815631665240418469e-02 0.000000000000000000e+00 1.937814930390586721e-01 0.000000000000000000e+00
5.646300650392833687e-01 8.815373483543553768e-02 0.000000000000000000e+00 1.937827505497681513e-01 0.000000000000000000e+00
5.646257143587086746e-01 8.815119032724115511e-02 0.000000000000000000e+00 1.937839892952870346e-01 0.000000000000000000e+00
5.646214296791948195e-01 8.814868258375375965e-02 0.000000000000000000e+00 1.937852095691675880e-01 0.000000000000000000e+00
5.646172099999478000e-01 8.814621106870081102e-02 0.000000000000000000e+00 1.937864116600499786e-01 0.000000000000000000e+00
5.646130543349219266e-01 8.814377525361639931e-02 0.000000000000000000e+00 1.937875958517115416e-01 0.000000000000000000e+00
5.646089617129712579e-01 8.814137461765601811e-02 0.000000000000000000e+00 1.937887624237161488e-01 0.000000000000000000e+00
5.646049311775451773e-01 8.813900864761162190e-02 0.000000000000000000e+00 1.937899116506792974e-01 0.000000000000000000e+00
5.646009617862910446e-01 8.813667683757135662e-02 0.000000000000000000e+00 1.937910438030615856e-01 0.000000000000000000e+00
5.645970526106377507e-01 8.813437868916527973e-02 0.000000000000000000e+00 1.937921591465628923e-01 0.000000000000000000e+00
5.645932027371760586e-01 8.813211371093868096e-02 0.000000000000000000e+00 1.937932579427961155e-01 0.000000000000000000e+00
5.645894112649335606e-01 8.812988141899079364e-02 0.000000000000000000e+00 1.937943404492081523e-01 0.000000000000000000e+00
5.645856773067844392e-01 8.812768133618484323e-02 0.000000000000000000e+00 1.937954069189496698e-01 0.000000000000000000e+00
5.645819999892535135e-01 8.812551299236030811e-02 0.000000000000000000e+00 1.937964576011269591e-01 0.000000000000000000e+00
5.645783784512713455e-01 8.812337592427511856e-02 0.000000000000000000e+00 1.937974927404468306e-01 0.000000000000000000e+00
5.645748118456044295e-01 8.812126967543539025e-02 0.000000000000000000e+00 1.937985125783066032e-01 0.000000000000000000e+00
5.645712993370024524e-01 8.811919379547947240e-02 0.000000000000000000e+00 1.937995173514603098e-01 0.000000000000000000e+00
5.645678401035850724e-01 8.811714784169608072e-02 0.000000000000000000e+00 1.938005072935993223e-01 0.000000000000000000e+00
5.645644333348303068e-01 8.811513137652363103e-02 0.000000000000000000e+00 1.938014826337164376e-01 0.000000000000000000e+00
5.645610782335143130e-01 8.811314396961666962e-02 0.000000000000000000e+00 1.938024435980209292e-01 0.000000000000000000e+00
5.645577740135622191e-01 8.811118519707333840e-02 0.000000000000000000e+00 1.938033904085579850e-01 0.000000000000000000e+00
5.645545199013266568e-01 8.810925464060904988e-02 0.000000000000000000e+00 1.938043232839370689e-01 0.000000000000000000e+00
5.645513151344927483e-01 8.810735188819238117e-02 0.000000000000000000e+00 1.938052424393221229e-01 0.000000000000000000e+00
5.645481589625171992e-01 8.810547653403887070e-02 0.000000000000000000e+00 1.938061480860816255e-01 0.000000000000000000e+00
5.645450506458417061e-01 8.810362817793604417e-02 0.000000000000000000e+00 1.938070404324765128e-01 0.000000000000000000e+00
5.645419894563539209e-01 8.810180642580359156e-02 0.000000000000000000e+00 1.938079196832422912e-01 0.000000000000000000e+00
5.645389746770183015e-01 8.810001088919028334e-02 0.000000000000000000e+00 1.938087860399559104e-01 0.000000000000000000e+00
5.645360056013172256e-01 8.809824118523365555e-02 0.000000000000000000e+00 1.938096397009546890e-01 0.000000000000000000e+00
5.645330815335922736e-01 8.809649693684656890e-02 0.000000000000000000e+00 1.938104808612239049e-01 0.000000000000000000e+00
5.645302017887690038e-01 8.809477777247043395e-02 0.000000000000000000e+00 1.938113097127741324e-01 0.000000000000000000e+00
5.645273656920579697e-01 8.809308332590784496e-02 0.000000000000000000e+00 1.938121264445301362e-01 0.000000000000000000e+00
5.645245725789762581e-01 8.809141323639041454e-02 0.000000000000000000e+00 1.938129312423289008e-01 0.000000000000000000e+00
5.645218217949715678e-01 8.808976714829126753e-02 0.000000000000000000e+00 1.938137242891100620e-01 0.000000000000000000e+00
5.645191126955074745e-01 8.808814471134418511e-02 0.000000000000000000e+00 1.938145057646930569e-01 0.000000000000000000e+00
5.645164446458353913e-01 8.808654558028106152e-02 0.000000000000000000e+00 1.938152758463365655e-01 0.000000000000000000e+00
5.645138170208214845e-01 8.808496941502758082e-02 0.000000000000000000e+00 1.938160347080503665e-01 0.000000000000000000e+00
5.645112292047407276e-01 8.808341588036677772e-02 0.000000000000000000e+00 1.938167825213798212e-01 0.000000000000000000e+00
5.645086805913338557e-01 8.808188464611044211e-02 0.000000000000000000e+00 1.938175194550249281e-01 0.000000000000000000e+00
5.645061705834779620e-01 8.808037538688312518e-02 0.000000000000000000e+00 1.938182456750475180e-01 0.000000000000000000e+00
5.645036985932951890e-01 8.807888778203647184e-02 0.000000000000000000e+00 1.938189613450219673e-01 0.000000000000000000e+00
5.645012640411580795e-01 8.807742151537345521e-02 0.000000000000000000e+00 1.938196666251237876e-01 0.000000000000000000e+00
5.644988663569520115e-01 8.807597627588481526e-02 0.000000000000000000e+00 1.938203616741255020e-01 0.000000000000000000e+00
5.644965049794516965e-01 8.807455175685864612e-02 0.000000000000000000e+00 1.938210466476119886e-01 0.000000000000000000e+00
5.644941793554811849e-01 8.807314765597987205e-02 0.000000000000000000e+00 1.938217216986789226e-01 0.000000000000000000e+00
5.644918889393063521e-01 8.807176367539026884e-02 0.000000000000000000e+00 1.938223869778396558e-01 0.000000000000000000e+00
5.644896331954237789e-01 8.807039952174273989e-02 0.000000000000000000e+00 1.938230426338341250e-01 0.000000000000000000e+00
5.644874115954480187e-01 8.806905490587355056e-02 0.000000000000000000e+00 1.938236888126301793e-01 0.000000000000000000e+00
5.644852236192262618e-01 8.806772954314509572e-02 0.000000000000000000e+00 1.938243256579528784e-01 0.000000000000000000e+00
5.644830687543663794e-01 8.806642315284295142e-02 0.000000000000000000e+00 1.938249533112151868e-01 0.000000000000000000e+00
5.644809464963856938e-01 8.806513545818314692e-02 0.000000000000000000e+00 1.938255719115776210e-01 0.000000000000000000e+00
5.644788563485708677e-01 8.806386618694748980e-02 0.000000000000000000e+00 1.938261815961351275e-01 0.000000000000000000e+00
5.644767978215902149e-01 8.806261507049398252e-02 0.000000000000000000e+00 1.938267824995414945e-01 0.000000000000000000e+00
5.644747704336792182e-01 8.806138184439603334e-02 0.000000000000000000e+00 1.938273747546030989e-01 0.000000000000000000e+00
5.644727737103724108e-01 8.806016624787470215e-02 0.000000000000000000e+00 1.938279584918792264e-01 0.000000000000000000e+00
5.644708071843094199e-01 8.805896802422692737e-02 0.000000000000000000e+00 1.938285338398755275e-01 0.000000000000000000e+00
5.644688703958509191e-01 8.805778692034978150e-02 0.000000000000000000e+00 1.938291009250794894e-01 0.000000000000000000e+00
5.644669628916320070e-01 8.805662268703078055e-02 0.000000000000000000e+00 1.938296598719985997e-01 0.000000000000000000e+00
5.644650842255858336e-01 8.805547507870588320e-02 0.000000000000000000e+00 1.938302108032370630e-01 0.000000000000000000e+00
5.644632339582149605e-01 8.805434385297906952e-02 0.000000000000000000e+00 1.938307538393105878e-01 0.000000000000000000e+00
5.644614116569185436e-01 8.805322877158819339e-02 0.000000000000000000e+00 1.938312890989963844e-01 0.000000000000000000e+00
5.644596168956185211e-01 8.805212959954147878e-02 0.000000000000000000e+00 1.938318166990527780e-01 0.000000000000000000e+00
5.644578492549032767e-01 8.805104610541224230e-02 0.000000000000000000e+00 1.938323367545905784e-01 0.000000000000000000e+00
5.644561083221847353e-01 8.804997806166081631e-02 0.000000000000000000e+00 1.938328493794634066e-01 0.000000000000000000e+00
5.644543936891561753e-01 8.804892524194969650e-02 0.000000000000000000e+00 1.938333546835101229e-01 0.000000000000000000e+00
5.644527049559633358e-01 8.804788742593630535e-02 0.000000000000000000e+00 1.938338527773731945e-01 0.000000000000000000e+00
5.644510417282058157e-01 8.804686439532882769e-02 0.000000000000000000e+00 1.938343437689876714e-01 0.000000000000000000e+00
5.644494036176447294e-01 8.804585593530225851e-02 0.000000000000000000e+00 1.938348277647536089e-01 0.000000000000000000e+00
5.644477902416976667e-01 8.804486183344396866e-02 0.000000000000000000e+00 1.938353048691510705e-01 0.000000000000000000e+00
5.644462012229375381e-01 8.804388188189310460e-02 0.000000000000000000e+00 1.938357751848827359e-01 0.000000000000000000e+00
5.644446361910158139e-01 8.804291587455780055e-02 0.000000000000000000e+00 1.938362388135337067e-01 0.000000000000000000e+00
5.644430947809702115e-01 8.804196360918185860e-02 0.000000000000000000e+00 1.938366958551973329e-01 0.000000000000000000e+00
5.644415766324640815e-01 8.804102488536554028e-02 0.000000000000000000e+00 1.938371464074431783e-01 0.000000000000000000e+00
5.644400813916518045e-01 8.804009950700258935e-02 0.000000000000000000e+00 1.938375905673567490e-01 0.000000000000000000e+00
5.644386087096953108e-01 8.803918728011060624e-02 0.000000000000000000e+00 1.938380284299331957e-01 0.000000000000000000e+00
5.644371582430880441e-01 8.803828801369294188e-02 0.000000000000000000e+00 1.938384600888807263e-01 0.000000000000000000e+00
5.644357296537757529e-01 8.803740151982439310e-02 0.000000000000000000e+00 1.938388856366269342e-01 0.000000000000000000e+00
5.644343226085666299e-01 8.803652761304317509e-02 0.000000000000000000e+00 1.938393051638990783e-01 0.000000000000000000e+00
5.644329367796815378e-01 8.803566611076671378e-02 0.000000000000000000e+00 1.938397187600144067e-01 0.000000000000000000e+00
5.644315718442338703e-01 8.803481683302445682e-02 0.000000000000000000e+00 1.938401265130340057e-01 0.000000000000000000e+00
5.644302274841143108e-01 8.803397960249548237e-02 0.000000000000000000e+00 1.938405285095444186e-01 0.000000000000000000e+00
5.644289033862337490e-01 8.803315424460742000e-02 0.000000000000000000e+00 1.938409248347959246e-01 0.000000000000000000e+00
5.644275992424127031e-01 8.803234058726663869e-02 0.000000000000000000e+00 1.938413155728400672e-01 0.000000000000000000e+00
5.644263147489734234e-01 8.803153846078842770e-02 0.000000000000000000e+00 1.938417008063021141e-01 0.000000000000000000e+00
