9.941112549265253007e-01 4.477542685256631107e-03 0.000000000000000000e+00 -2.806851559825787146e-04 0.000000000000000000e+00
9.770414623723748804e-01 1.478603206505265701e-02 0.000000000000000000e+00 -3.678284950681021299e-04 0.000000000000000000e+00
9.530163465041449067e-01 2.702395294946354984e-02 0.000000000000000000e+00 -3.640701474349327272e-04 0.000000000000000000e+00
9.302538370479571661e-01 3.751682013997029164e-02 0.000000000000000000e+00 -2.429844616350566004e-05 0.000000000000000000e+00
9.183670040238209875e-01 4.331339358719166199e-02 0.000000000000000000e+00 9.395821043300237908e-04 0.000000000000000000e+00
9.192571822817000582e-01 4.312079153292996264e-02 0.000000000000000000e+00 2.366011743585707660e-03 0.000000000000000000e+00
9.261844673762960056e-01 3.824512728572896508e-02 0.000000000000000000e+00 3.833557453339881283e-03 0.000000000000000000e+00
9.332476036671010222e-01 3.159307543455415479e-02 0.000000000000000000e+00 5.101532575787727161e-03 0.000000000000000000e+00
9.384640421251903009e-01 2.541916043618290891e-02 0.000000000000000000e+00 5.994273024959250427e-03 0.000000000000000000e+00
9.415176447867644738e-01 2.057492724242898641e-02 0.000000000000000000e+00 6.418702378643303431e-03 0.000000000000000000e+00
9.426369270760774910e-01 1.707022386095066388e-02 0.000000000000000000e+00 6.488031826242360994e-03 0.000000000000000000e+00
9.423717853740706252e-01 1.470960973798518187e-02 0.000000000000000000e+00 6.414856267778597937e-03 0.000000000000000000e+00
9.412872137311555365e-01 1.332138251623078869e-02 0.000000000000000000e+00 6.358880792904722697e-03 0.000000000000000000e+00
9.397180935370166299e-01 1.274630666148563254e-02 0.000000000000000000e+00 6.376666579349541883e-03 0.000000000000000000e+00
9.377541368600896821e-01 1.280937229437297507e-02 0.000000000000000000e+00 6.444405361814986230e-03 0.000000000000000000e+00
9.353585993036617197e-01 1.333188941282129752e-02 0.000000000000000000e+00 6.502282924406434933e-03 0.000000000000000000e+00
9.324837371606969905e-01 1.415798208620970208e-02 0.000000000000000000e+00 6.492953527678266626e-03 0.000000000000000000e+00
9.291270083886168374e-01 1.517171058445386696e-02 0.000000000000000000e+00 6.383041235004965029e-03 0.000000000000000000e+00
9.253366645783080990e-01 1.629982686355357230e-02 0.000000000000000000e+00 6.167601734778698809e-03 0.000000000000000000e+00
9.211942108476788293e-01 1.750444894654283601e-02 0.000000000000000000e+00 5.863871619392826626e-03 0.000000000000000000e+00
9.167941096285016078e-01 1.877151147647468030e-02 0.000000000000000000e+00 5.501423395881713772e-03 0.000000000000000000e+00
9.122291930905621626e-01 2.009948803706985282e-02 0.000000000000000000e+00 5.113323625914273016e-03 0.000000000000000000e+00
9.075826815546732540e-01 2.149081556819135846e-02 0.000000000000000000e+00 4.730074018591669781e-03 0.000000000000000000e+00
9.029249735549497169e-01 2.294665781362654686e-02 0.000000000000000000e+00 4.376376591699327953e-03 0.000000000000000000e+00
8.983132037974697059e-01 2.446453995103913676e-02 0.000000000000000000e+00 4.070066187502027581e-03 0.000000000000000000e+00
8.937921529406190890e-01 2.603795795964264359e-02 0.000000000000000000e+00 3.822436489598100146e-03 0.000000000000000000e+00
8.893956760786737581e-01 2.765709232534378781e-02 0.000000000000000000e+00 3.639300612003417822e-03 0.000000000000000000e+00
8.851482131869213843e-01 2.930996758923135742e-02 0.000000000000000000e+00 3.522304210514201096e-03 0.000000000000000000e+00
8.810661898830542960e-01 3.098364713574984497e-02 0.000000000000000000e+00 3.470186240762499451e-03 0.000000000000000000e+00
8.771592563317621716e-01 3.266524746811132890e-02 0.000000000000000000e+00 3.479826441122325833e-03 0.000000000000000000e+00
8.734313778589716248e-01 3.434269110569801442e-02 0.000000000000000000e+00 3.547026035038128213e-03 0.000000000000000000e+00
8.698818150214390199e-01 3.600519428546523210e-02 0.000000000000000000e+00 3.667036476361144361e-03 0.000000000000000000e+00
8.665060274574696297e-01 3.764352508372041661e-02 0.000000000000000000e+00 3.834885418626452196e-03 0.000000000000000000e+00
8.632965211736720601e-01 3.925008186411085148e-02 0.000000000000000000e+00 4.045558894382081730e-03 0.000000000000000000e+00
8.602436441987161286e-01 4.081884369801089957e-02 0.000000000000000000e+00 4.294094009099322026e-03 0.000000000000000000e+00
8.573363226398728054e-01 4.234523751452242551e-02 0.000000000000000000e+00 4.575624158930774281e-03 0.000000000000000000e+00
8.545627245492739554e-01 4.382596014224787034e-02 0.000000000000000000e+00 4.885405288630442246e-03 0.000000000000000000e+00
8.519108371441020955e-01 4.525878285851159949e-02 0.000000000000000000e+00 5.218838583437678327e-03 0.000000000000000000e+00
8.493689469544820625e-01 4.664235904154364482e-02 0.000000000000000000e+00 5.571497109009898238e-03 0.000000000000000000e+00
8.469260169517912606e-01 4.797604691671432386e-02 0.000000000000000000e+00 5.939156842428206309e-03 0.000000000000000000e+00
8.445719617545596192e-01 4.925975504989880266e-02 0.000000000000000000e+00 6.317830260147211906e-03 0.000000000000000000e+00
8.422978264646551194e-01 5.049381298386815958e-02 0.000000000000000000e+00 6.703799027431701744e-03 0.000000000000000000e+00
8.400958788516933451e-01 5.167886644976239785e-02 0.000000000000000000e+00 7.093642493608240049e-03 0.000000000000000000e+00
8.379596279701986283e-01 5.281579510947820300e-02 0.000000000000000000e+00 7.484259697029618102e-03 0.000000000000000000e+00
8.358837832268865009e-01 5.390564950436579211e-02 0.000000000000000000e+00 7.872883115642440727e-03 0.000000000000000000e+00
8.338641682963797708e-01 5.494960380334693723e-02 0.000000000000000000e+00 8.257084077582927534e-03 0.000000000000000000e+00
8.318976039215287832e-01 5.594892094156320855e-02 0.000000000000000000e+00 8.634769832070820703e-03 0.000000000000000000e+00
8.299817718628794694e-01 5.690492701821538851e-02 0.000000000000000000e+00 9.004173276674319604e-03 0.000000000000000000e+00
8.281150705794380062e-01 5.781899272239749560e-02 0.000000000000000000e+00 9.363836779265961169e-03 0.000000000000000000e+00
8.262964714412694978e-01 5.869251947142619524e-02 0.000000000000000000e+00 9.712591089954775853e-03 0.000000000000000000e+00
8.245253822761151596e-01 5.952692898946991551e-02 0.000000000000000000e+00 1.004953128646858020e-02 0.000000000000000000e+00
8.228015226642185764e-01 6.032365490793326762e-02 0.000000000000000000e+00 1.037399058155123559e-02 0.000000000000000000e+00
8.211248141642889520e-01 6.108413598160520458e-02 0.000000000000000000e+00 1.068551349554288515e-02 0.000000000000000000e+00
8.194952870472625994e-01 6.180980997080078726e-02 0.000000000000000000e+00 1.098382914424276928e-02 0.000000000000000000e+00
8.179130038699956584e-01 6.250210809586795313e-02 0.000000000000000000e+00 1.126882542735509023e-02 0.000000000000000000e+00
8.163779996052499266e-01 6.316244996442531290e-02 0.000000000000000000e+00 1.154052470700281732e-02 0.000000000000000000e+00
8.148902367140092862e-01 6.379223852226045821e-02 0.000000000000000000e+00 1.179906134602698442e-02 0.000000000000000000e+00
8.134495737167691809e-01 6.439285542787480388e-02 0.000000000000000000e+00 1.204466112479221640e-02 0.000000000000000000e+00
8.120557457778949662e-01 6.496565661175611461e-02 0.000000000000000000e+00 1.227762302939643287e-02 0.000000000000000000e+00
8.107083549453446558e-01 6.551196807550513368e-02 0.000000000000000000e+00 1.249830297744062430e-02 0.000000000000000000e+00
8.094068682092937506e-01 6.603308217585733553e-02 0.000000000000000000e+00 1.270709984370419973e-02 0.000000000000000000e+00
8.081506219745483444e-01 6.653025418899731480e-02 0.000000000000000000e+00 1.290444327266592785e-02 0.000000000000000000e+00
8.069388307635183555e-01 6.700469940681809400e-02 0.000000000000000000e+00 1.309078339444696634e-02 0.000000000000000000e+00
8.057705991828357783e-01 6.745759063516885978e-02 0.000000000000000000e+00 1.326658228051213854e-02 0.000000000000000000e+00
8.046449360469708489e-01 6.789005627941309406e-02 0.000000000000000000e+00 1.343230675055256430e-02 0.000000000000000000e+00
8.035607690011595805e-01 6.830317883989510397e-02 0.000000000000000000e+00 1.358842264287824127e-02 0.000000000000000000e+00
8.025169597701442559e-01 6.869799392236257407e-02 0.000000000000000000e+00 1.373539015689057528e-02 0.000000000000000000e+00
8.015123188348117766e-01 6.907548976683899888e-02 0.000000000000000000e+00 1.387366025393518311e-02 0.000000000000000000e+00
8.005456191676006972e-01 6.943660710315333051e-02 0.000000000000000000e+00 1.400367185283510514e-02 0.000000000000000000e+00
7.996156090964511298e-01 6.978223952869054558e-02 0.000000000000000000e+00 1.412584984510945746e-02 0.000000000000000000e+00
7.987210238211899238e-01 7.011323414127788867e-02 0.000000000000000000e+00 1.424060364628025252e-02 0.000000000000000000e+00
7.978605954148533241e-01 7.043039251552214719e-02 0.000000000000000000e+00 1.434832625340240302e-02 0.000000000000000000e+00
7.970330616541950741e-01 7.073447198114247991e-02 0.000000000000000000e+00 1.444939375978900216e-02 0.000000000000000000e+00
7.962371733899260562e-01 7.102618703230453856e-02 0.000000000000000000e+00 1.454416512026666421e-02 0.000000000000000000e+00
7.954717007163163434e-01 7.130621098715053674e-02 0.000000000000000000e+00 1.463298226203392852e-02 0.000000000000000000e+00
7.947354379546247571e-01 7.157517770270316326e-02 0.000000000000000000e+00 1.471617030259534872e-02 0.000000000000000000e+00
7.940272076438382731e-01 7.183368344228907576e-02 0.000000000000000000e+00 1.479403799346742238e-02 0.000000000000000000e+00
7.933458635872951970e-01 7.208228874664782126e-02 0.000000000000000000e+00 1.486687821630216372e-02 0.000000000000000000e+00
7.926902930241329637e-01 7.232152033660491086e-02 0.000000000000000000e+00 1.493496857476841327e-02 0.000000000000000000e+00
7.920594182511798698e-01 7.255187302854447517e-02 0.000000000000000000e+00 1.499857202607020670e-02 0.000000000000000000e+00
7.914521975382807772e-01 7.277381160805691807e-02 0.000000000000000000e+00 1.505793755920129505e-02 0.000000000000000000e+00
7.908676256413729178e-01 7.298777265358090405e-02 0.000000000000000000e+00 1.511330082862875727e-02 0.000000000000000000e+00
7.903047338522962706e-01 7.319416629156579035e-02 0.000000000000000000e+00 1.516488482107683847e-02 0.000000000000000000e+00
7.897625897815400142e-01 7.339337792128761140e-02 0.000000000000000000e+00 1.521290051701358961e-02 0.000000000000000000e+00
7.892402969022244141e-01 7.358576980167197412e-02 0.000000000000000000e+00 1.525754748609213680e-02 0.000000000000000000e+00
7.887369937681669718e-01 7.377168259728331123e-02 0.000000000000000000e+00 1.529901450379354474e-02 0.000000000000000000e+00
7.882518533264015748e-01 7.395143680709563572e-02 0.000000000000000000e+00 1.533748010216687274e-02 0.000000000000000000e+00
7.877840818347693341e-01 7.412533412845918879e-02 0.000000000000000000e+00 1.537311311635684852e-02 0.000000000000000000e+00
7.873329179489824137e-01 7.429365870993619170e-02 0.000000000000000000e+00 1.540607318940757572e-02 0.000000000000000000e+00
7.868976316449479702e-01 7.445667834246252892e-02 0.000000000000000000e+00 1.543651126502899873e-02 0.000000000000000000e+00
7.864775231146512446e-01 7.461464552909922998e-02 0.000000000000000000e+00 1.546457002056551497e-02 0.000000000000000000e+00
7.860719217130208714e-01 7.476779852227061207e-02 0.000000000000000000e+00 1.549038429700339871e-02 0.000000000000000000e+00
7.856801848391787857e-01 7.491636224022671375e-02 0.000000000000000000e+00 1.551408151403678437e-02 0.000000000000000000e+00
7.853016969272883507e-01 7.506054914931298283e-02 0.000000000000000000e+00 1.553578203947001204e-02 0.000000000000000000e+00
7.849358683490362809e-01 7.520056005327095672e-02 0.000000000000000000e+00 1.555559955685276684e-02 0.000000000000000000e+00
7.845821344593761903e-01 7.533658483919876414e-02 0.000000000000000000e+00 1.557364139400387905e-02 0.000000000000000000e+00
7.842399545779300540e-01 7.546880315332962774e-02 0.000000000000000000e+00 1.559000886141568773e-02 0.000000000000000000e+00
7.839088110513784402e-01 7.559738503614281402e-02 0.000000000000000000e+00 1.560479755293302066e-02 0.000000000000000000e+00
7.835882083531876541e-01 7.572249148397390550e-02 0.000000000000000000e+00 1.561809763182005727e-02 0.000000000000000000e+00
7.832776722172689610e-01 7.584427500963358826e-02 0.000000000000000000e+00 1.562999412208995742e-02 0.000000000000000000e+00
7.829767487641057233e-01 7.596288013498470049e-02 0.000000000000000000e+00 1.564056717677239638e-02 0.000000000000000000e+00
7.826850037199782895e-01 7.607844383131237564e-02 0.000000000000000000e+00 1.564989231732009239e-02 0.000000000000000000e+00
7.824020216773795999e-01 7.619109597520905275e-02 0.000000000000000000e+00 1.565804070164375505e-02 0.000000000000000000e+00
7.821274052835103241e-01 7.630095972556226458e-02 0.000000000000000000e+00 1.566507934149269712e-02 0.000000000000000000e+00
7.818607745803271003e-01 7.640815189660056517e-02 0.000000000000000000e+00 1.567107132230359176e-02 0.000000000000000000e+00
7.816017663386261027e-01 7.651278332330803400e-02 0.000000000000000000e+00 1.567607604862125345e-02 0.000000000000000000e+00
7.813500333347719318e-01 7.661495915054679362e-02 0.000000000000000000e+00 1.568014941132819459e-02 0.000000000000000000e+00
7.811052438046630630e-01 7.671477916407680453e-02 0.000000000000000000e+00 1.568334400826461306e-02 0.000000000000000000e+00
7.808670808007198705e-01 7.681233806613267656e-02 0.000000000000000000e+00 1.568570933472945503e-02 0.000000000000000000e+00
7.806352415894283192e-01 7.690772572851628519e-02 0.000000000000000000e+00 1.568729194257668935e-02 0.000000000000000000e+00
7.804094371662111396e-01 7.700102747031901951e-02 0.000000000000000000e+00 1.568813564308244729e-02 0.000000000000000000e+00
7.801893916665805229e-01 7.709232426699615115e-02 0.000000000000000000e+00 1.568828164134919781e-02 0.000000000000000000e+00
7.799748418629507407e-01 7.718169298347171692e-02 0.000000000000000000e+00 1.568776870414898342e-02 0.000000000000000000e+00
7.797655366898529339e-01 7.726920659450410567e-02 0.000000000000000000e+00 1.568663331135877748e-02 0.000000000000000000e+00
7.795612367386721697e-01 7.735493436895103658e-02 0.000000000000000000e+00 1.568490979101593366e-02 0.000000000000000000e+00
7.793617138346378148e-01 7.743894207582116551e-02 0.000000000000000000e+00 1.568263046777588002e-02 0.000000000000000000e+00
7.791667505689096052e-01 7.752129214161997128e-02 0.000000000000000000e+00 1.567982576953697374e-02 0.000000000000000000e+00
7.789761398726954278e-01 7.760204383297139574e-02 0.000000000000000000e+00 1.567652435095793703e-02 0.000000000000000000e+00
7.787896846207695845e-01 7.768125341452619681e-02 0.000000000000000000e+00 1.567275321377963049e-02 0.000000000000000000e+00
7.786071972221516591e-01 7.775897429843897646e-02 0.000000000000000000e+00 1.566853780674258914e-02 0.000000000000000000e+00
7.784284992571620654e-01 7.783525720046186036e-02 0.000000000000000000e+00 1.566390213605324891e-02 0.000000000000000000e+00
7.782534210948922615e-01 7.791015026534837962e-02 0.000000000000000000e+00 1.565886884671355631e-02 0.000000000000000000e+00
7.780818015327150006e-01 7.798369919974267039e-02 0.000000000000000000e+00 1.565345931363129259e-02 0.000000000000000000e+00
7.779134874661295385e-01 7.805594740283584854e-02 0.000000000000000000e+00 1.564769373165757552e-02 0.000000000000000000e+00
7.777483335554311594e-01 7.812693607722424882e-02 0.000000000000000000e+00 1.564159118591011352e-02 0.000000000000000000e+00
7.775862018983040747e-01 7.819670434555041350e-02 0.000000000000000000e+00 1.563516972934638621e-02 0.000000000000000000e+00
7.774269617209370598e-01 7.826528936031085237e-02 0.000000000000000000e+00 1.562844644701687213e-02 0.000000000000000000e+00
7.772704890877347728e-01 7.833272639852081887e-02 0.000000000000000000e+00 1.562143751865098865e-02 0.000000000000000000e+00
7.771166666145278290e-01 7.839904896307195448e-02 0.000000000000000000e+00 1.561415828002596547e-02 0.000000000000000000e+00
7.769653831762880491e-01 7.846428887639801675e-02 0.000000000000000000e+00 1.560662327959786225e-02 0.000000000000000000e+00
7.768165336421319900e-01 7.852847636695638178e-02 0.000000000000000000e+00 1.559884632856256385e-02 0.000000000000000000e+00
7.766700186203679968e-01 7.859164015297880057e-02 0.000000000000000000e+00 1.559084054528098173e-02 0.000000000000000000e+00
7.765257442156430212e-01 7.865380752002244791e-02 0.000000000000000000e+00 1.558261840165436896e-02 0.000000000000000000e+00
7.763836217731949763e-01 7.871500440161188772e-02 0.000000000000000000e+00 1.557419176552379478e-02 0.000000000000000000e+00
7.762435676469719992e-01 7.877525544906020805e-02 0.000000000000000000e+00 1.556557194045653583e-02 0.000000000000000000e+00
7.761055029692442986e-01 7.883458409867750982e-02 0.000000000000000000e+00 1.555676969530630886e-02 0.000000000000000000e+00
7.759693534434036755e-01 7.889301263447384693e-02 0.000000000000000000e+00 1.554779529876582772e-02 0.000000000000000000e+00
7.758350491253883652e-01 7.895056226290288193e-02 0.000000000000000000e+00 1.553865855793184342e-02 0.000000000000000000e+00
7.757025242183096525e-01 7.900725316519624508e-02 0.000000000000000000e+00 1.552936883703517727e-02 0.000000000000000000e+00
7.755717168796945060e-01 7.906310454804249543e-02 0.000000000000000000e+00 1.551993508382612866e-02 0.000000000000000000e+00
7.754425690336552712e-01 7.911813470601672393e-02 0.000000000000000000e+00 1.551036586249977464e-02 0.000000000000000000e+00
7.753150261826953216e-01 7.917236106901001658e-02 0.000000000000000000e+00 1.550066936931673162e-02 0.000000000000000000e+00
7.751890372228548154e-01 7.922580025291886541e-02 0.000000000000000000e+00 1.549085345124137647e-02 0.000000000000000000e+00
7.750645542924051723e-01 7.927846810793477694e-02 0.000000000000000000e+00 1.548092563451229815e-02 0.000000000000000000e+00
7.749415325976121149e-01 7.933037975677416365e-02 0.000000000000000000e+00 1.547089313572126701e-02 0.000000000000000000e+00
7.748199302496258101e-01 7.938154963966662092e-02 0.000000000000000000e+00 1.546076287707572570e-02 0.000000000000000000e+00
7.746997081152576792e-01 7.943199156061869770e-02 0.000000000000000000e+00 1.545054150811024651e-02 0.000000000000000000e+00
7.745808296760700040e-01 7.948171871579194636e-02 0.000000000000000000e+00 1.544023541560003536e-02 0.000000000000000000e+00
7.744632608773462934e-01 7.953074373483057236e-02 0.000000000000000000e+00 1.542985073766091515e-02 0.000000000000000000e+00
7.743469699943854589e-01 7.957907871642549980e-02 0.000000000000000000e+00 1.541939337771970446e-02 0.000000000000000000e+00
7.742319275031323000e-01 7.962673525728819479e-02 0.000000000000000000e+00 1.540886901277465151e-02 0.000000000000000000e+00
7.741181059554846922e-01 7.967372448409963670e-02 0.000000000000000000e+00 1.539828310895057818e-02 0.000000000000000000e+00
7.740054798533408942e-01 7.972005708544513403e-02 0.000000000000000000e+00 1.538764092974807644e-02 0.000000000000000000e+00
7.738940255308017768e-01 7.976574333743725875e-02 0.000000000000000000e+00 1.537694754100980485e-02 0.000000000000000000e+00
7.737837210531096632e-01 7.981079312973850259e-02 0.000000000000000000e+00 1.536620782365575449e-02 0.000000000000000000e+00
7.736745461015884784e-01 7.985521599264300274e-02 0.000000000000000000e+00 1.535542648355074646e-02 0.000000000000000000e+00
7.735664818679793830e-01 7.989902111937667584e-02 0.000000000000000000e+00 1.534460805531520991e-02 0.000000000000000000e+00
7.734595109621464903e-01 7.994221738850759706e-02 0.000000000000000000e+00 1.533375691141264201e-02 0.000000000000000000e+00
7.733536173139681225e-01 7.998481338219355641e-02 0.000000000000000000e+00 1.532287726857531340e-02 0.000000000000000000e+00
7.732487860839966087e-01 8.002681741122764925e-02 0.000000000000000000e+00 1.531197319317104122e-02 0.000000000000000000e+00
7.731450035779356966e-01 8.006823753104258534e-02 0.000000000000000000e+00 1.530104860762556730e-02 0.000000000000000000e+00
7.730422571620558791e-01 8.010908155807522357e-02 0.000000000000000000e+00 1.529010729570548337e-02 0.000000000000000000e+00
7.729405351884991449e-01 8.014935708956444360e-02 0.000000000000000000e+00 1.527915290855665770e-02 0.000000000000000000e+00
7.728398269214993288e-01 8.018907151659759869e-02 0.000000000000000000e+00 1.526818896902451886e-02 0.000000000000000000e+00
7.727401224626951892e-01 8.022823203849301088e-02 0.000000000000000000e+00 1.525721887693282097e-02 0.000000000000000000e+00
7.726414126839417085e-01 8.026684567719698238e-02 0.000000000000000000e+00 1.524624591217947460e-02 0.000000000000000000e+00
7.725436891614162471e-01 8.030491929163950660e-02 0.000000000000000000e+00 1.523527323881078074e-02 0.000000000000000000e+00
7.724469441145862536e-01 8.034245958709200497e-02 0.000000000000000000e+00 1.522430390909221276e-02 0.000000000000000000e+00
7.723511703511141135e-01 8.037947312674761924e-02 0.000000000000000000e+00 1.521334086750162837e-02 0.000000000000000000e+00
7.722563612134232258e-01 8.041596634242299813e-02 0.000000000000000000e+00 1.520238695517593837e-02 0.000000000000000000e+00
7.721625105243441478e-01 8.045194554572716872e-02 0.000000000000000000e+00 1.519144491323017911e-02 0.000000000000000000e+00
7.720696125358130768e-01 8.048741693543920439e-02 0.000000000000000000e+00 1.518051738327954626e-02 0.000000000000000000e+00
7.719776618843430249e-01 8.052238660551354343e-02 0.000000000000000000e+00 1.516960691265452008e-02 0.000000000000000000e+00
7.718866535502981741e-01 8.055686055211047636e-02 0.000000000000000000e+00 1.515871595718236257e-02 0.000000000000000000e+00
7.717965828156292396e-01 8.059084468213965902e-02 0.000000000000000000e+00 1.514784688278190614e-02 0.000000000000000000e+00
7.717074452239661708e-01 8.062434481990048141e-02 0.000000000000000000e+00 1.513700196992450592e-02 0.000000000000000000e+00
7.716192365448916179e-01 8.065736671312968842e-02 0.000000000000000000e+00 1.512618341557244762e-02 0.000000000000000000e+00
7.715319527413185829e-01 8.068991603658416667e-02 0.000000000000000000e+00 1.511539333454510296e-02 0.000000000000000000e+00
7.714455899409230488e-01 8.072199839687924094e-02 0.000000000000000000e+00 1.510463376135273185e-02 0.000000000000000000e+00
7.713601444069375646e-01 8.075361933799794778e-02 0.000000000000000000e+00 1.509390665431888795e-02 0.000000000000000000e+00
7.712756125056011713e-01 8.078478434730135271e-02 0.000000000000000000e+00 1.508321389699613171e-02 0.000000000000000000e+00
7.711919906799667990e-01 8.081549885841192438e-02 0.000000000000000000e+00 1.507255730038532630e-02 0.000000000000000000e+00
7.711092754348463085e-01 8.084576825222486440e-02 0.000000000000000000e+00 1.506193860499193370e-02 0.000000000000000000e+00
7.710274633114341247e-01 8.087559785979031579e-02 0.000000000000000000e+00 1.505135948145215619e-02 0.000000000000000000e+00
7.709465508692537883e-01 8.090499296632455706e-02 0.000000000000000000e+00 1.504082153371404627e-02 0.000000000000000000e+00
7.708665346659100415e-01 8.093395881666805292e-02 0.000000000000000000e+00 1.503032630092788861e-02 0.000000000000000000e+00
7.707874112420631807e-01 8.096250061190922442e-02 0.000000000000000000e+00 1.501987525881296436e-02 0.000000000000000000e+00
7.707091771091016952e-01 8.099062351382069203e-02 0.000000000000000000e+00 1.500946982098145047e-02 0.000000000000000000e+00
7.706318287347521112e-01 8.101833264469189555e-02 0.000000000000000000e+00 1.499911134113201573e-02 0.000000000000000000e+00
7.705553625279903951e-01 8.104563309058934739e-02 0.000000000000000000e+00 1.498880111430398072e-02 0.000000000000000000e+00
7.704797748255799439e-01 8.107252990434929418e-02 0.000000000000000000e+00 1.497854037956293516e-02 0.000000000000000000e+00
7.704050618908376835e-01 8.109902810257429984e-02 0.000000000000000000e+00 1.496833031986173797e-02 0.000000000000000000e+00
7.703312199027468887e-01 8.112513266757347130e-02 0.000000000000000000e+00 1.495817206448024628e-02 0.000000000000000000e+00
7.702582449488638572e-01 8.115084854743623288e-02 0.000000000000000000e+00 1.494806668957483244e-02 0.000000000000000000e+00
7.701861330189465615e-01 8.117618065715592746e-02 0.000000000000000000e+00 1.493801522011427470e-02 0.000000000000000000e+00
7.701148799963838387e-01 8.120113388026174717e-02 0.000000000000000000e+00 1.492801863182554797e-02 0.000000000000000000e+00
7.700444816563204453e-01 8.122571306888506926e-02 0.000000000000000000e+00 1.491807785233732926e-02 0.000000000000000000e+00
7.699749336619788886e-01 8.124992304182775127e-02 0.000000000000000000e+00 1.490819376208635597e-02 0.000000000000000000e+00
7.699062315609196405e-01 8.127376858633469925e-02 0.000000000000000000e+00 1.489836719582435069e-02 0.000000000000000000e+00
7.698383707835831924e-01 8.129725445672282558e-02 0.000000000000000000e+00 1.488859894295809644e-02 0.000000000000000000e+00
7.697713466483859790e-01 8.132038537288760471e-02 0.000000000000000000e+00 1.487888974923847439e-02 0.000000000000000000e+00
7.697051543533465212e-01 8.134316602287161579e-02 0.000000000000000000e+00 1.486924031855731826e-02 0.000000000000000000e+00
7.696397889774657664e-01 8.136560106313565910e-02 0.000000000000000000e+00 1.485965131427283321e-02 0.000000000000000000e+00
7.695752454808797438e-01 8.138769511659149636e-02 0.000000000000000000e+00 1.485012335958512189e-02 0.000000000000000000e+00
7.695115187053753747e-01 8.140945277264009794e-02 0.000000000000000000e+00 1.484065703886232671e-02 0.000000000000000000e+00
7.694486033808104475e-01 8.143087858513967103e-02 0.000000000000000000e+00 1.483125289900220217e-02 0.000000000000000000e+00
7.693864941239204613e-01 8.145197707354713546e-02 0.000000000000000000e+00 1.482191144970116010e-02 0.000000000000000000e+00
7.693251854372022969e-01 8.147275272281281899e-02 0.000000000000000000e+00 1.481263316508172820e-02 0.000000000000000000e+00
7.692646717142541668e-01 8.149320998226591839e-02 0.000000000000000000e+00 1.480341848482507640e-02 0.000000000000000000e+00
7.692049472423603262e-01 8.151335326641585832e-02 0.000000000000000000e+00 1.479426781536154027e-02 0.000000000000000000e+00
7.691460062076621584e-01 8.153318695162374563e-02 0.000000000000000000e+00 1.478518153017527662e-02 0.000000000000000000e+00
7.690878426970300108e-01 8.155271537826630501e-02 0.000000000000000000e+00 1.477615997081187585e-02 0.000000000000000000e+00
7.690304506986842537e-01 8.157194284944194185e-02 0.000000000000000000e+00 1.476720344836328531e-02 0.000000000000000000e+00
7.689738241092464177e-01 8.159087363023763417e-02 0.000000000000000000e+00 1.475831224398058313e-02 0.000000000000000000e+00
7.689179567359810674e-01 8.160951194740492798e-02 0.000000000000000000e+00 1.474948660966270836e-02 0.000000000000000000e+00
7.688628423033447845e-01 8.162786198934415816e-02 0.000000000000000000e+00 1.474072676994863697e-02 0.000000000000000000e+00
7.688084744559319228e-01 8.164592790470162620e-02 0.000000000000000000e+00 1.473203292188059524e-02 0.000000000000000000e+00
7.687548467606928337e-01 8.166371380391049262e-02 0.000000000000000000e+00 1.472340523612287143e-02 0.000000000000000000e+00
7.687019527120489970e-01 8.168122375636974186e-02 0.000000000000000000e+00 1.471484385792694652e-02 0.000000000000000000e+00
7.686497857366009212e-01 8.169846179125599128e-02 0.000000000000000000e+00 1.470634890776780640e-02 0.000000000000000000e+00
7.685983391979769319e-01 8.171543189737512369e-02 0.000000000000000000e+00 1.469792048210605967e-02 0.000000000000000000e+00
7.685476064026924847e-01 8.173213802203294076e-02 0.000000000000000000e+00 1.468955865394156422e-02 0.000000000000000000e+00
7.684975806021961953e-01 8.174858407177391928e-02 0.000000000000000000e+00 1.468126347445940748e-02 0.000000000000000000e+00
7.684482549968877363e-01 8.176477391206707357e-02 0.000000000000000000e+00 1.467303497322096362e-02 0.000000000000000000e+00
7.683996227413746327e-01 8.178071136596788693e-02 0.000000000000000000e+00 1.466487315851059021e-02 0.000000000000000000e+00
7.683516769496335774e-01 8.179640021414599782e-02 0.000000000000000000e+00 1.465677801825163683e-02 0.000000000000000000e+00
7.683044106984229238e-01 8.181184419526732476e-02 0.000000000000000000e+00 1.464874952105928683e-02 0.000000000000000000e+00
7.682578170309602994e-01 8.182704700555466781e-02 0.000000000000000000e+00 1.464078761670628039e-02 0.000000000000000000e+00
7.682118889627799208e-01 8.184201229837992364e-02 0.000000000000000000e+00 1.463289223674188282e-02 0.000000000000000000e+00
7.681666194840108819e-01 8.185674368475670537e-02 0.000000000000000000e+00 1.462506329535647256e-02 0.000000000000000000e+00
7.681220015641657684e-01 8.187124473316721718e-02 0.000000000000000000e+00 1.461730068949621854e-02 0.000000000000000000e+00
7.680780281565091627e-01 8.188551896875888303e-02 0.000000000000000000e+00 1.460960429998452333e-02 0.000000000000000000e+00
7.680346922012405431e-01 8.189956987358754104e-02 0.000000000000000000e+00 1.460197399151668372e-02 0.000000000000000000e+00
7.679919866298841047e-01 8.191340088697206256e-02 0.000000000000000000e+00 1.459440961383580773e-02 0.000000000000000000e+00
7.679499043690264370e-01 8.192701540527114190e-02 0.000000000000000000e+00 1.458691100237127260e-02 0.000000000000000000e+00
7.679084383426931781e-01 8.194041678175845167e-02 0.000000000000000000e+00 1.457947797854244540e-02 0.000000000000000000e+00
7.678675814765147933e-01 8.195360832698571352e-02 0.000000000000000000e+00 1.457211035034670227e-02 0.000000000000000000e+00
7.678273267014742443e-01 8.196659330822009260e-02 0.000000000000000000e+00 1.456480791273680013e-02 0.000000000000000000e+00
7.677876669563745704e-01 8.197937495054741230e-02 0.000000000000000000e+00 1.455757044832013854e-02 0.000000000000000000e+00
7.677485951921273477e-01 8.199195643635148745e-02 0.000000000000000000e+00 1.455039772770582926e-02 0.000000000000000000e+00
7.677101043738153718e-01 8.200434090559122202e-02 0.000000000000000000e+00 1.454328951006343511e-02 0.000000000000000000e+00
7.676721874843556170e-01 8.201653145620874108e-02 0.000000000000000000e+00 1.453624554385878238e-02 0.000000000000000000e+00
7.676348375271565549e-01 8.202853114361539910e-02 0.000000000000000000e+00 1.452926556703233729e-02 0.000000000000000000e+00
7.675980475283054050e-01 8.204034298044891871e-02 0.000000000000000000e+00 1.452234930742878245e-02 0.000000000000000000e+00
7.675618105388354317e-01 8.205196993794755533e-02 0.000000000000000000e+00 1.451549648329862954e-02 0.000000000000000000e+00
7.675261196384332019e-01 8.206341494614151355e-02 0.000000000000000000e+00 1.450870680369192867e-02 0.000000000000000000e+00
7.674909679371676452e-01 8.207468089394498456e-02 0.000000000000000000e+00 1.450197996923145542e-02 0.000000000000000000e+00
7.674563485787208039e-01 8.208577062917846168e-02 0.000000000000000000e+00 1.449531567225184961e-02 0.000000000000000000e+00
7.674222547408675599e-01 8.209668695908893532e-02 0.000000000000000000e+00 1.448871359701987827e-02 0.000000000000000000e+00
7.673886796386100162e-01 8.210743264987148404e-02 0.000000000000000000e+00 1.448217342022772164e-02 0.000000000000000000e+00
7.673556165258058614e-01 8.211801042758982982e-02 0.000000000000000000e+00 1.447569481130870674e-02 0.000000000000000000e+00
7.673230586971457878e-01 8.212842297847385009e-02 0.000000000000000000e+00 1.446927743316486249e-02 0.000000000000000000e+00
7.672909994901436770e-01 8.213867294945866038e-02 0.000000000000000000e+00 1.446292094226785986e-02 0.000000000000000000e+00
7.672594322867197780e-01 8.214876294833338422e-02 0.000000000000000000e+00 1.445662498902451111e-02 0.000000000000000000e+00
7.672283505154019467e-01 8.215869554367000172e-02 0.000000000000000000e+00 1.445038921801473225e-02 0.000000000000000000e+00
7.671977476521287809e-01 8.216847326573060994e-02 0.000000000000000000e+00 1.444421326862635815e-02 0.000000000000000000e+00
7.671676172214644263e-01 8.217809860654637366e-02 0.000000000000000000e+00 1.443809677487708706e-02 0.000000000000000000e+00
7.671379527982731261e-01 8.218757402007589863e-02 0.000000000000000000e+00 1.443203936577542798e-02 0.000000000000000000e+00
7.671087480086020705e-01 8.219690192330975087e-02 0.000000000000000000e+00 1.442604066578459521e-02 0.000000000000000000e+00
7.670799965306769330e-01 8.220608469598265911e-02 0.000000000000000000e+00 1.442010029526811198e-02 0.000000000000000000e+00
7.670516920971195418e-01 8.221512468155738051e-02 0.000000000000000000e+00 1.441421787125242264e-02 0.000000000000000000e+00
7.670238284950091634e-01 8.222402418669720603e-02 0.000000000000000000e+00 1.440839300665240977e-02 0.000000000000000000e+00
7.669963995672244295e-01 8.223278548250041731e-02 0.000000000000000000e+00 1.440262531101026838e-02 0.000000000000000000e+00
7.669693992129521520e-01 8.224141080452512798e-02 0.000000000000000000e+00 1.439691439052311409e-02 0.000000000000000000e+00
7.669428213883773271e-01 8.224990235335423450e-02 0.000000000000000000e+00 1.439125984842982986e-02 0.000000000000000000e+00
7.669166601077166412e-01 8.225826229503735432e-02 0.000000000000000000e+00 1.438566128531957450e-02 0.000000000000000000e+00
7.668909094437904583e-01 8.226649276106992592e-02 0.000000000000000000e+00 1.438011829936057528e-02 0.000000000000000000e+00
7.668655635287179306e-01 8.227459584936386294e-02 0.000000000000000000e+00 1.437463048669582362e-02 0.000000000000000000e+00
7.668406165535486263e-01 8.228257362471129432e-02 0.000000000000000000e+00 1.436919744115993866e-02 0.000000000000000000e+00
7.668160627696114506e-01 8.229042811839361315e-02 0.000000000000000000e+00 1.436381875487420003e-02 0.000000000000000000e+00
7.667918964891224931e-01 8.229816133006742640e-02 0.000000000000000000e+00 1.435849401867477122e-02 0.000000000000000000e+00
7.667681120847258391e-01 8.230577522636307874e-02 0.000000000000000000e+00 1.435322282176558842e-02 0.000000000000000000e+00
7.667447039906754025e-01 8.231327174257756230e-02 0.000000000000000000e+00 1.434800475199193327e-02 0.000000000000000000e+00
7.667216667027491050e-01 8.232065278265505992e-02 0.000000000000000000e+00 1.434283939604741147e-02 0.000000000000000000e+00
7.666989947782184567e-01 8.232792021966942042e-02 0.000000000000000000e+00 1.433772633987688734e-02 0.000000000000000000e+00
7.666766828353368535e-01 8.233507589628009937e-02 0.000000000000000000e+00 1.433266516852134582e-02 0.000000000000000000e+00
7.666547255540162586e-01 8.234212162564114035e-02 0.000000000000000000e+00 1.432765546703503208e-02 0.000000000000000000e+00
7.666331176762942734e-01 8.234905919102784855e-02 0.000000000000000000e+00 1.432269681951492228e-02 0.000000000000000000e+00
7.666118540065017806e-01 8.235589034629377247e-02 0.000000000000000000e+00 1.431778881009261942e-02 0.000000000000000000e+00
7.665909294108846916e-01 8.236261681667819690e-02 0.000000000000000000e+00 1.431293102283636917e-02 0.000000000000000000e+00
7.665703388172961930e-01 8.236924029902949196e-02 0.000000000000000000e+00 1.430812304160693563e-02 0.000000000000000000e+00
7.665500772160811493e-01 8.237576246226749332e-02 0.000000000000000000e+00 1.430336445058251124e-02 0.000000000000000000e+00
7.665301396576542636e-01 8.238218494812626913e-02 0.000000000000000000e+00 1.429865483412526457e-02 0.000000000000000000e+00
7.665105212536601487e-01 8.238850937127410734e-02 0.000000000000000000e+00 1.429399377720756530e-02 0.000000000000000000e+00
7.664912171774299621e-01 8.239473731943598722e-02 0.000000000000000000e+00 1.428938086503084813e-02 0.000000000000000000e+00
7.664722226641376146e-01 8.240087035402202109e-02 0.000000000000000000e+00 1.428481568423242178e-02 0.000000000000000000e+00
7.664535330087423048e-01 8.240691001074562649e-02 0.000000000000000000e+00 1.428029782136196364e-02 0.000000000000000000e+00
7.664351435677093649e-01 8.241285779954313218e-02 0.000000000000000000e+00 1.427582686422731659e-02 0.000000000000000000e+00
7.664170497577317276e-01 8.241871520516391714e-02 0.000000000000000000e+00 1.427140240136981313e-02 0.000000000000000000e+00
7.663992470545667457e-01 8.242448368797961056e-02 0.000000000000000000e+00 1.426702402266340035e-02 0.000000000000000000e+00
7.663817309928219190e-01 8.243016468439136324e-02 0.000000000000000000e+00 1.426269131886935375e-02 0.000000000000000000e+00
7.663644971671094153e-01 8.243575960620871945e-02 0.000000000000000000e+00 1.425840388210447389e-02 0.000000000000000000e+00
7.663475412312199531e-01 8.244126984199250108e-02 0.000000000000000000e+00 1.425416130606313968e-02 0.000000000000000000e+00
7.663308588973958280e-01 8.244669675693909461e-02 0.000000000000000000e+00 1.424996318558363444e-02 0.000000000000000000e+00
7.663144459355398785e-01 8.245204169335408617e-02 0.000000000000000000e+00 1.424580911708551133e-02 0.000000000000000000e+00
7.662982981737683774e-01 8.245730597124906192e-02 0.000000000000000000e+00 1.424169869871968509e-02 0.000000000000000000e+00
7.662824114965821609e-01 8.246249088843604635e-02 0.000000000000000000e+00 1.423763153001127331e-02 0.000000000000000000e+00
7.662667818446747825e-01 8.246759772118990306e-02 0.000000000000000000e+00 1.423360721236602115e-02 0.000000000000000000e+00
7.662514052156478295e-01 8.247262772444281798e-02 0.000000000000000000e+00 1.422962534885996097e-02 0.000000000000000000e+00
7.662362776630081695e-01 8.247758213198051747e-02 0.000000000000000000e+00 1.422568554447939219e-02 0.000000000000000000e+00
7.662213952954828322e-01 8.248246215692388306e-02 0.000000000000000000e+00 1.422178740600662204e-02 0.000000000000000000e+00
7.662067542766031192e-01 8.248726899182672045e-02 0.000000000000000000e+00 1.421793054211779699e-02 0.000000000000000000e+00
7.661923508244549152e-01 8.249200380927644571e-02 0.000000000000000000e+00 1.421411456351922079e-02 0.000000000000000000e+00
7.661781812105684653e-01 8.249666776227818077e-02 0.000000000000000000e+00 1.421033908309218309e-02 0.000000000000000000e+00
7.661642417590797116e-01 8.250126198456765592e-02 0.000000000000000000e+00 1.420660371585207721e-02 0.000000000000000000e+00
7.661505288473430264e-01 8.250578759077030477e-02 0.000000000000000000e+00 1.420290807883167576e-02 0.000000000000000000e+00
7.661370389049770857e-01 8.251024567677363308e-02 0.000000000000000000e+00 1.419925179134788086e-02 0.000000000000000000e+00
7.661237684133727077e-01 8.251463731992368655e-02 0.000000000000000000e+00 1.419563447480510880e-02 0.000000000000000000e+00
7.661107139049809778e-01 8.251896357979753016e-02 0.000000000000000000e+00 1.419205575322445706e-02 0.000000000000000000e+00
7.660978719627711264e-01 8.252322549779514405e-02 0.000000000000000000e+00 1.418851525234676898e-02 0.000000000000000000e+00
7.660852392197393668e-01 8.252742409815409796e-02 0.000000000000000000e+00 1.418501260052813795e-02 0.000000000000000000e+00
7.660728123579780835e-01 8.253156038790462889e-02 0.000000000000000000e+00 1.418154742843730221e-02 0.000000000000000000e+00
7.660605881087362290e-01 8.253563535714378285e-02 0.000000000000000000e+00 1.417811936922888129e-02 0.000000000000000000e+00
7.660485632517277654e-01 8.253964997933085912e-02 0.000000000000000000e+00 1.417472805830235182e-02 0.000000000000000000e+00
7.660367346140235512e-01 8.254360521163740805e-02 0.000000000000000000e+00 1.417137313345529989e-02 0.000000000000000000e+00
7.660250990702660578e-01 8.254750199511733111e-02 0.000000000000000000e+00 1.416805423521219111e-02 0.000000000000000000e+00
7.660136535417305659e-01 8.255134125500933340e-02 0.000000000000000000e+00 1.416477100659322384e-02 0.000000000000000000e+00
7.660023949957293077e-01 8.255512390107067056e-02 0.000000000000000000e+00 1.416152309298380346e-02 0.000000000000000000e+00
7.659913204459410929e-01 8.255885082778349759e-02 0.000000000000000000e+00 1.415831014228603399e-02 0.000000000000000000e+00
7.659804269497635376e-01 8.256252291473048510e-02 0.000000000000000000e+00 1.415513180513083662e-02 0.000000000000000000e+00
7.659697116093721059e-01 8.256614102653339615e-02 0.000000000000000000e+00 1.415198773439384043e-02 0.000000000000000000e+00
7.659591715711058235e-01 8.256970601375400454e-02 0.000000000000000000e+00 1.414887758568188041e-02 0.000000000000000000e+00
7.659488040244999407e-01 8.257321871259735990e-02 0.000000000000000000e+00 1.414580101688245328e-02 0.000000000000000000e+00
7.659386062020632213e-01 8.257667994524431343e-02 0.000000000000000000e+00 1.414275768855694643e-02 0.000000000000000000e+00
7.659285753784206285e-01 8.258009052006752559e-02 0.000000000000000000e+00 1.413974726398719607e-02 0.000000000000000000e+00
7.659187088698284906e-01 8.258345123214580474e-02 0.000000000000000000e+00 1.413676940941896616e-02 0.000000000000000000e+00
7.659090040334305405e-01 8.258676286315487503e-02 0.000000000000000000e+00 1.413382379353998047e-02 0.000000000000000000e+00
7.658994582672397078e-01 8.259002618184933808e-02 0.000000000000000000e+00 1.413091008766823725e-02 0.000000000000000000e+00
7.658900690091710040e-01 8.259324194412143161e-02 0.000000000000000000e+00 1.412802796574826221e-02 0.000000000000000000e+00
7.658808337367066787e-01 8.259641089329400332e-02 0.000000000000000000e+00 1.412517710435776466e-02 0.000000000000000000e+00
7.658717499664609019e-01 8.259953376010580051e-02 0.000000000000000000e+00 1.412235718236539914e-02 0.000000000000000000e+00
7.658628152534937561e-01 8.260261126331125414e-02 0.000000000000000000e+00 1.411956788134159126e-02 0.000000000000000000e+00
7.658540271907857688e-01 8.260564410963386339e-02 0.000000000000000000e+00 1.411680888560570488e-02 0.000000000000000000e+00
7.658453834085457990e-01 8.260863299446181973e-02 0.000000000000000000e+00 1.411407988232791372e-02 0.000000000000000000e+00
7.658368815739097224e-01 8.261157860120972585e-02 0.000000000000000000e+00 1.411138056108843762e-02 0.000000000000000000e+00
7.658285193904561527e-01 8.261448160211772029e-02 0.000000000000000000e+00 1.410871061419797373e-02 0.000000000000000000e+00
7.658202945976716469e-01 8.261734265836748192e-02 0.000000000000000000e+00 1.410606973666900417e-02 0.000000000000000000e+00
7.658122049704793044e-01 8.262016241991819443e-02 0.000000000000000000e+00 1.410345762596710607e-02 0.000000000000000000e+00
7.658042483186536797e-01 8.262294152625558608e-02 0.000000000000000000e+00 1.410087398235413889e-02 0.000000000000000000e+00
7.657964224859942215e-01 8.262568060610932241e-02 0.000000000000000000e+00 1.409831850849610317e-02 0.000000000000000000e+00
7.657887253506945324e-01 8.262838027800802065e-02 0.000000000000000000e+00 1.409579090966999772e-02 0.000000000000000000e+00
7.657811548234106924e-01 8.263104115033166608e-02 0.000000000000000000e+00 1.409329089382623489e-02 0.000000000000000000e+00
7.657737088492801991e-01 8.263366382126913212e-02 0.000000000000000000e+00 1.409081817164928828e-02 0.000000000000000000e+00
7.657663854045810847e-01 8.263624887928855411e-02 0.000000000000000000e+00 1.408837245635755249e-02 0.000000000000000000e+00
7.657591824981523354e-01 8.263879690315324711e-02 0.000000000000000000e+00 1.408595346372017339e-02 0.000000000000000000e+00
7.657520981699376117e-01 8.264130846192559166e-02 0.000000000000000000e+00 1.408356091198293032e-02 0.000000000000000000e+00
7.657451304911224721e-01 8.264378411562368909e-02 0.000000000000000000e+00 1.408119452203052298e-02 0.000000000000000000e+00
7.657382775633190253e-01 8.264622441488220228e-02 0.000000000000000000e+00 1.407885401739648185e-02 0.000000000000000000e+00
7.657315375186102280e-01 8.264862990148597044e-02 0.000000000000000000e+00 1.407653912425274427e-02 0.000000000000000000e+00
7.657249085185562354e-01 8.265100110821853308e-02 0.000000000000000000e+00 1.407424957106812036e-02 0.000000000000000000e+00
7.657183887540885969e-01 8.265333855922790685e-02 0.000000000000000000e+00 1.407198508887468058e-02 0.000000000000000000e+00
7.657119764449177302e-01 8.265564276996799353e-02 0.000000000000000000e+00 1.406974541123707373e-02 0.000000000000000000e+00
7.657056698391444538e-01 8.265791424746551930e-02 0.000000000000000000e+00 1.406753027424678670e-02 0.000000000000000000e+00
7.656994672130790214e-01 8.266015349065392037e-02 0.000000000000000000e+00 1.406533941641125406e-02 0.000000000000000000e+00
7.656933668698804318e-01 8.266236098994146630e-02 0.000000000000000000e+00 1.406317257853980686e-02 0.000000000000000000e+00
7.656873671407000703e-01 8.266453722817587724e-02 0.000000000000000000e+00 1.406102950410802015e-02 0.000000000000000000e+00
7.656814663827272716e-01 8.266668268020301025e-02 0.000000000000000000e+00 1.405890993938956404e-02 0.000000000000000000e+00
7.656756629796312996e-01 8.266879781350978951e-02 0.000000000000000000e+00 1.405681363283422212e-02 0.000000000000000000e+00
7.656699553410630799e-01 8.267088308778237915e-02 0.000000000000000000e+00 1.405474033531190978e-02 0.000000000000000000e+00
7.656643419020167096e-01 8.267293895515066826e-02 0.000000000000000000e+00 1.405268980005961940e-02 0.000000000000000000e+00
7.656588211226822427e-01 8.267496586045189333e-02 0.000000000000000000e+00 1.405066178249077778e-02 0.000000000000000000e+00
7.656533914882139857e-01 8.267696424120390963e-02 0.000000000000000000e+00 1.404865604069140302e-02 0.000000000000000000e+00
7.656480515079496785e-01 8.267893452807240084e-02 0.000000000000000000e+00 1.404667233484052299e-02 0.000000000000000000e+00
7.656427997152135401e-01 8.268087714459641802e-02 0.000000000000000000e+00 1.404471042783284919e-02 0.000000000000000000e+00
7.656376346670218380e-01 8.268279250732654684e-02 0.000000000000000000e+00 1.404277008453321852e-02 0.000000000000000000e+00
7.656325549437739131e-01 8.268468102668212472e-02 0.000000000000000000e+00 1.404085107238663491e-02 0.000000000000000000e+00
7.656275591485565135e-01 8.268654310598637369e-02 0.000000000000000000e+00 1.403895316091299111e-02 0.000000000000000000e+00
7.656226459071214796e-01 8.268837914243545861e-02 0.000000000000000000e+00 1.403707612232211847e-02 0.000000000000000000e+00
7.656178138672564693e-01 8.269018952669104916e-02 0.000000000000000000e+00 1.403521973084063956e-02 0.000000000000000000e+00
7.656130616987547599e-01 8.269197464312751100e-02 0.000000000000000000e+00 1.403338376287560467e-02 0.000000000000000000e+00
7.656083880926719543e-01 8.269373486973087550e-02 0.000000000000000000e+00 1.403156799684347061e-02 0.000000000000000000e+00
7.656037917610589716e-01 8.269547057932011280e-02 0.000000000000000000e+00 1.402977221441183836e-02 0.000000000000000000e+00
7.655992714372062968e-01 8.269718213779028715e-02 0.000000000000000000e+00 1.402799619839700460e-02 0.000000000000000000e+00
7.655948258747208302e-01 8.269886990555740114e-02 0.000000000000000000e+00 1.402623973429145687e-02 0.000000000000000000e+00
7.655904538472703136e-01 8.270053423692168282e-02 0.000000000000000000e+00 1.402450260929423952e-02 0.000000000000000000e+00
7.655861541486682631e-01 8.270217548123774687e-02 0.000000000000000000e+00 1.402278461328103527e-02 0.000000000000000000e+00
7.655819255923865807e-01 8.270379398170807361e-02 0.000000000000000000e+00 1.402108553803190806e-02 0.000000000000000000e+00
7.655777670109158439e-01 8.270539007636350248e-02 0.000000000000000000e+00 1.401940517736033343e-02 0.000000000000000000e+00
7.655736772559937897e-01 8.270696409791188086e-02 0.000000000000000000e+00 1.401774332740814491e-02 0.000000000000000000e+00
7.655696551979576103e-01 8.270851637366574693e-02 0.000000000000000000e+00 1.401609978632676473e-02 0.000000000000000000e+00
7.655656997252253682e-01 8.271004722581599966e-02 0.000000000000000000e+00 1.401447435424641418e-02 0.000000000000000000e+00
7.655618097447280945e-01 8.271155697141205354e-02 0.000000000000000000e+00 1.401286683356346534e-02 0.000000000000000000e+00
7.655579841802969687e-01 8.271304592216613405e-02 0.000000000000000000e+00 1.401127702834496606e-02 0.000000000000000000e+00
7.655542219738573628e-01 8.271451438549823343e-02 0.000000000000000000e+00 1.400970474509074387e-02 0.000000000000000000e+00
7.655505220843886738e-01 8.271596266353259397e-02 0.000000000000000000e+00 1.400814979200415422e-02 0.000000000000000000e+00
7.655468834878801365e-01 8.271739105373256129e-02 0.000000000000000000e+00 1.400661197959146911e-02 0.000000000000000000e+00
7.655433051771363129e-01 8.271879984904310923e-02 0.000000000000000000e+00 1.400509112017806791e-02 0.000000000000000000e+00
7.655397861613041366e-01 8.272018933769266502e-02 0.000000000000000000e+00 1.400358702813473723e-02 0.000000000000000000e+00
7.655363254653815286e-01 8.272155980330156422e-02 0.000000000000000000e+00 1.400209951952180454e-02 0.000000000000000000e+00
7.655329221305792187e-01 8.272291152528274405e-02 0.000000000000000000e+00 1.400062841266396657e-02 0.000000000000000000e+00
7.655295752136535015e-01 8.272424477825462974e-02 0.000000000000000000e+00 1.399917352764384199e-02 0.000000000000000000e+00
7.655262837867311543e-01 8.272555983291671189e-02 0.000000000000000000e+00 1.399773468652315209e-02 0.000000000000000000e+00
7.655230469370613022e-01 8.272685695551380836e-02 0.000000000000000000e+00 1.399631171295743874e-02 0.000000000000000000e+00
7.655198637668505501e-01 8.272813640817811009e-02 0.000000000000000000e+00 1.399490443246832229e-02 0.000000000000000000e+00
7.655167333928623030e-01 8.272939844891730177e-02 0.000000000000000000e+00 1.399351267255799676e-02 0.000000000000000000e+00
7.655136549463184004e-01 8.273064333191008923e-02 0.000000000000000000e+00 1.399213626253505323e-02 0.000000000000000000e+00
7.655106275727573406e-01 8.273187130725039029e-02 0.000000000000000000e+00 1.399077503361336947e-02 0.000000000000000000e+00
7.655076504315585506e-01 8.273308262111191136e-02 0.000000000000000000e+00 1.398942881871564729e-02 0.000000000000000000e+00
7.655047226958419104e-01 8.273427751586155676e-02 0.000000000000000000e+00 1.398809745253429791e-02 0.000000000000000000e+00
7.655018435520641873e-01 8.273545623008481120e-02 0.000000000000000000e+00 1.398678077152848594e-02 0.000000000000000000e+00
7.654990122004943220e-01 8.273661899860992874e-02 0.000000000000000000e+00 1.398547861391457627e-02 0.000000000000000000e+00
7.654962278539968468e-01 8.273776605276900176e-02 0.000000000000000000e+00 1.398419081965389388e-02 0.000000000000000000e+00
7.654934897382940084e-01 8.273889762022067218e-02 0.000000000000000000e+00 1.398291723033865362e-02 0.000000000000000000e+00
7.654907970920096227e-01 8.274001392514145070e-02 0.000000000000000000e+00 1.398165768923862080e-02 0.000000000000000000e+00
7.654881491660959769e-01 8.274111518814755706e-02 0.000000000000000000e+00 1.398041204125894180e-02 0.000000000000000000e+00
7.654855452239384128e-01 8.274220162656920063e-02 0.000000000000000000e+00 1.397918013316762700e-02 0.000000000000000000e+00
7.654829845408277489e-01 8.274327345458602767e-02 0.000000000000000000e+00 1.397796181327941312e-02 0.000000000000000000e+00
7.654804664040562034e-01 8.274433088254050384e-02 0.000000000000000000e+00 1.397675693152701341e-02 0.000000000000000000e+00
7.654779901125599029e-01 8.274537411839401335e-02 0.000000000000000000e+00 1.397556533989964198e-02 0.000000000000000000e+00
7.654755549761116384e-01 8.274640336565791676e-02 0.000000000000000000e+00 1.397438689055275664e-02 0.000000000000000000e+00
7.654731603169223630e-01 8.274741882568564799e-02 0.000000000000000000e+00 1.397322143877888397e-02 0.000000000000000000e+00
7.654708054676244711e-01 8.274842069657185883e-02 0.000000000000000000e+00 1.397206884101845868e-02 0.000000000000000000e+00
7.654684897722134895e-01 8.274940917321070566e-02 0.000000000000000000e+00 1.397092895490417534e-02 0.000000000000000000e+00
7.654662125846618537e-01 8.275038444761619039e-02 0.000000000000000000e+00 1.396980163997185546e-02 0.000000000000000000e+00
7.654639732696797427e-01 8.275134670879144561e-02 0.000000000000000000e+00 1.396868675704983180e-02 0.000000000000000000e+00
7.654617712031409615e-01 8.275229614305609771e-02 0.000000000000000000e+00 1.396758416857437832e-02 0.000000000000000000e+00
7.654596057707854229e-01 8.275323293356355581e-02 0.000000000000000000e+00 1.396649373835992525e-02 0.000000000000000000e+00
7.654574763683099636e-01 8.275415726097339053e-02 0.000000000000000000e+00 1.396541533186306666e-02 0.000000000000000000e+00
7.654553824015193353e-01 8.275506930302194142e-02 0.000000000000000000e+00 1.396434881603719584e-02 0.000000000000000000e+00
7.654533232856687297e-01 8.275596923480593725e-02 0.000000000000000000e+00 1.396329405893814365e-02 0.000000000000000000e+00
7.654512984458110569e-01 8.275685722877093586e-02 0.000000000000000000e+00 1.396225093052759145e-02 0.000000000000000000e+00
7.654493073164281292e-01 8.275773345465986530e-02 0.000000000000000000e+00 1.396121930189413510e-02 0.000000000000000000e+00
7.654473493411081408e-01 8.275859807973909299e-02 0.000000000000000000e+00 1.396019904553117037e-02 0.000000000000000000e+00
7.654454239726580234e-01 8.275945126861505852e-02 0.000000000000000000e+00 1.395919003552101821e-02 0.000000000000000000e+00
7.654435306730389410e-01 8.276029318355096476e-02 0.000000000000000000e+00 1.395819214710145376e-02 0.000000000000000000e+00
7.654416689128796802e-01 8.276112398429140427e-02 0.000000000000000000e+00 1.395720525700101626e-02 0.000000000000000000e+00
7.654398381713992672e-01 8.276194382815038608e-02 0.000000000000000000e+00 1.395622924323991487e-02 0.000000000000000000e+00
7.654380379368443954e-01 8.276275287013128146e-02 0.000000000000000000e+00 1.395526398512931740e-02 0.000000000000000000e+00
7.654362677053780928e-01 8.276355126285862840e-02 0.000000000000000000e+00 1.395430936338967233e-02 0.000000000000000000e+00
7.654345269815189257e-01 8.276433915664593854e-02 0.000000000000000000e+00 1.395336526001078256e-02 0.000000000000000000e+00
7.654328152781961769e-01 8.276511669945794958e-02 0.000000000000000000e+00 1.395243155830602419e-02 0.000000000000000000e+00
7.654311321157274417e-01 8.276588403731721666e-02 0.000000000000000000e+00 1.395150814280561417e-02 0.000000000000000000e+00
7.654294770229672640e-01 8.276664131384442458e-02 0.000000000000000000e+00 1.395059489948853940e-02 0.000000000000000000e+00
7.654278495359950751e-01 8.276738867006207256e-02 0.000000000000000000e+00 1.394969171521267919e-02 0.000000000000000000e+00
7.654262491992893658e-01 8.276812624611230851e-02 0.000000000000000000e+00 1.394879847874224386e-02 0.000000000000000000e+00
7.654246755637197364e-01 8.276885417857167415e-02 0.000000000000000000e+00 1.394791507908535802e-02 0.000000000000000000e+00
7.654231281887045046e-01 8.276957260276589234e-02 0.000000000000000000e+00 1.394704140736413231e-02 0.000000000000000000e+00
7.654216066397881990e-01 8.277028165256998526e-02 0.000000000000000000e+00 1.394617735552920214e-02 0.000000000000000000e+00
7.654201104905040687e-01 8.277098145877614943e-02 0.000000000000000000e+00 1.394532281679085502e-02 0.000000000000000000e+00
7.654186393210778983e-01 8.277167215055997174e-02 0.000000000000000000e+00 1.394447768535961134e-02 0.000000000000000000e+00
7.654171927186018687e-01 8.277235385524532585e-02 0.000000000000000000e+00 1.394364185679784068e-02 0.000000000000000000e+00
7.654157702769434080e-01 8.277302669824741777e-02 0.000000000000000000e+00 1.394281522776272264e-02 0.000000000000000000e+00
7.654143715966718053e-01 8.277369080319041394e-02 0.000000000000000000e+00 1.394199769612510832e-02 0.000000000000000000e+00
7.654129962851325963e-01 8.277434629188180903e-02 0.000000000000000000e+00 1.394118916083355794e-02 0.000000000000000000e+00
7.654116439558403817e-01 8.277499328426173031e-02 0.000000000000000000e+00 1.394038952197997755e-02 0.000000000000000000e+00
7.654103142287179695e-01 8.277563189849551639e-02 0.000000000000000000e+00 1.393959868068480289e-02 0.000000000000000000e+00
7.654090067299971212e-01 8.277626225092143963e-02 0.000000000000000000e+00 1.393881653921682368e-02 0.000000000000000000e+00
7.654077210921012009e-01 8.277688445618822111e-02 0.000000000000000000e+00 1.393804300089153576e-02 0.000000000000000000e+00
7.654064569534505535e-01 8.277749862732221298e-02 0.000000000000000000e+00 1.393727797012118443e-02 0.000000000000000000e+00
7.654052139584255343e-01 8.277810487554349006e-02 0.000000000000000000e+00 1.393652135243882671e-02 0.000000000000000000e+00
7.654039917572527107e-01 8.277870331061205900e-02 0.000000000000000000e+00 1.393577305431953350e-02 0.000000000000000000e+00
7.654027900059081624e-01 8.277929404050551887e-02 0.000000000000000000e+00 1.393503298337779757e-02 0.000000000000000000e+00
7.654016083660065695e-01 8.277987717164349279e-02 0.000000000000000000e+00 1.393430104806722518e-02 0.000000000000000000e+00
7.654004465047897776e-01 8.278045280897110281e-02 0.000000000000000000e+00 1.393357715812613452e-02 0.000000000000000000e+00
7.653993040949393922e-01 8.278102105580945058e-02 0.000000000000000000e+00 1.393286122411889483e-02 0.000000000000000000e+00
7.653981808145511323e-01 8.278158201399493654e-02 0.000000000000000000e+00 1.393215315763969564e-02 0.000000000000000000e+00
7.653970763472653926e-01 8.278213578405238526e-02 0.000000000000000000e+00 1.393145287152136244e-02 0.000000000000000000e+00
7.653959903809566256e-01 8.278268246441705669e-02 0.000000000000000000e+00 1.393076027882551686e-02 0.000000000000000000e+00
7.653949226097654934e-01 8.278322215272547469e-02 0.000000000000000000e+00 1.393007529433726473e-02 0.000000000000000000e+00
7.653938727325201308e-01 8.278375494485000485e-02 0.000000000000000000e+00 1.392939783334470882e-02 0.000000000000000000e+00
7.653928404531974428e-01 8.278428093564019208e-02 0.000000000000000000e+00 1.392872781250303893e-02 0.000000000000000000e+00
7.653918254792413389e-01 8.278480021796372212e-02 0.000000000000000000e+00 1.392806514875044935e-02 0.000000000000000000e+00
7.653908275248063608e-01 8.278531288378333797e-02 0.000000000000000000e+00 1.392740976060466256e-02 0.000000000000000000e+00
7.653898463079804593e-01 8.278581902355389155e-02 0.000000000000000000e+00 1.392676156719381206e-02 0.000000000000000000e+00
7.653888815515753619e-01 8.278631872659010515e-02 0.000000000000000000e+00 1.392612048858580219e-02 0.000000000000000000e+00
7.653879329828645606e-01 8.278681208065884201e-02 0.000000000000000000e+00 1.392548644574308214e-02 0.000000000000000000e+00
7.653870003336740169e-01 8.278729917228250246e-02 0.000000000000000000e+00 1.392485936048248885e-02 0.000000000000000000e+00
7.653860833401856523e-01 8.278778008691226042e-02 0.000000000000000000e+00 1.392423915554040145e-02 0.000000000000000000e+00
7.653851817429340176e-01 8.278825490855715175e-02 0.000000000000000000e+00 1.392362575437048819e-02 0.000000000000000000e+00
7.653842952867431215e-01 8.278872372017796744e-02 0.000000000000000000e+00 1.392301908154874521e-02 0.000000000000000000e+00
7.653834237206553759e-01 8.278918660332509893e-02 0.000000000000000000e+00 1.392241906222771615e-02 0.000000000000000000e+00
7.653825667977306457e-01 8.278964363852912844e-02 0.000000000000000000e+00 1.392182562256426628e-02 0.000000000000000000e+00
7.653817242754988870e-01 8.279009490506877844e-02 0.000000000000000000e+00 1.392123868941494078e-02 0.000000000000000000e+00
7.653808959150089075e-01 8.279054048126345544e-02 0.000000000000000000e+00 1.392065819050552350e-02 0.000000000000000000e+00
7.653800814815749920e-01 8.279098044419117008e-02 0.000000000000000000e+00 1.392008405442440866e-02 0.000000000000000000e+00
7.653792807440140677e-01 8.279141486956863305e-02 0.000000000000000000e+00 1.391951621042550151e-02 0.000000000000000000e+00
7.653784934752704272e-01 8.279184383233656463e-02 0.000000000000000000e+00 1.391895458868331291e-02 0.000000000000000000e+00
7.653777194520079430e-01 8.279226740622472325e-02 0.000000000000000000e+00 1.391839912007421243e-02 0.000000000000000000e+00
7.653769584543655968e-01 8.279268566397277040e-02 0.000000000000000000e+00 1.391784973631684554e-02 0.000000000000000000e+00
7.653762102671883838e-01 8.279309867787383592e-02 0.000000000000000000e+00 1.391730637046664949e-02 0.000000000000000000e+00
7.653754746758565375e-01 8.279350651690128848e-02 0.000000000000000000e+00 1.391676895427795130e-02 0.000000000000000000e+00
7.653747514724087431e-01 8.279390925187174455e-02 0.000000000000000000e+00 1.391623742257766527e-02 0.000000000000000000e+00
7.653740404513894591e-01 8.279430695118425443e-02 0.000000000000000000e+00 1.391571171001968789e-02 0.000000000000000000e+00
7.653733414108955246e-01 8.279469968250727230e-02 0.000000000000000000e+00 1.391519175204924269e-02 0.000000000000000000e+00
7.653726541520430304e-01 8.279508751186721860e-02 0.000000000000000000e+00 1.391467748484047189e-02 0.000000000000000000e+00
7.653719784780872448e-01 8.279547050611198167e-02 0.000000000000000000e+00 1.391416884500052201e-02 0.000000000000000000e+00
7.653713141976421497e-01 8.279584872941343765e-02 0.000000000000000000e+00 1.391366577025908088e-02 0.000000000000000000e+00
7.653706611215237432e-01 8.279622224599064717e-02 0.000000000000000000e+00 1.391316819910768526e-02 0.000000000000000000e+00
7.653700190633766498e-01 8.279659111778775449e-02 0.000000000000000000e+00 1.391267606992889483e-02 0.000000000000000000e+00
7.653693878403201589e-01 8.279695540763963579e-02 0.000000000000000000e+00 1.391218932265356374e-02 0.000000000000000000e+00
7.653687672722885305e-01 8.279731517645654015e-02 0.000000000000000000e+00 1.391170789751450601e-02 0.000000000000000000e+00
7.653681571822633645e-01 8.279767048445600686e-02 0.000000000000000000e+00 1.391123173546079256e-02 0.000000000000000000e+00
7.653675573960811995e-01 8.279802139115663429e-02 0.000000000000000000e+00 1.391076077822750445e-02 0.000000000000000000e+00
7.653669677425067874e-01 8.279836795509400160e-02 0.000000000000000000e+00 1.391029496805779551e-02 0.000000000000000000e+00
7.653663880532827202e-01 8.279871023403778674e-02 0.000000000000000000e+00 1.390983424786950730e-02 0.000000000000000000e+00
7.653658181626652457e-01 8.279904828487648361e-02 0.000000000000000000e+00 1.390937856125063626e-02 0.000000000000000000e+00
7.653652579077135920e-01 8.279938216367278836e-02 0.000000000000000000e+00 1.390892785235941370e-02 0.000000000000000000e+00
7.653647071282659864e-01 8.279971192572126160e-02 0.000000000000000000e+00 1.390848206601205846e-02 0.000000000000000000e+00
7.653641656668204174e-01 8.280003762558435509e-02 0.000000000000000000e+00 1.390804114775121871e-02 0.000000000000000000e+00
7.653636333683886406e-01 8.280035931700392704e-02 0.000000000000000000e+00 1.390760504355519067e-02 0.000000000000000000e+00
