0.000000 0.000000 0.000000 0.000000 0.000000 0.000000 0.000000 0.000000 0.000000 0.000000 0.000000 0.000000 0.000000 0.000000 0.000000 0.000000 0.000000 0.000000 0.000000 0.000000 0.000000 0.000000 0.000000 0.000000 0.000000 0.000000 0.000000 0.000000 0.000000 0.000000 5.000000 0.000000 0.000000 0.000000 0.000000 0.000000 0.000000 0.000000 0.000000 0.000000 0.000000 0.000000 0.000000 0.000000 0.000000 0.000000 0.000000 0.000000 0.000000 0.000000 
--
0.000000 0.000000 0.000000 0.000000 0.000000 0.000000 0.000000 0.000000 0.000000 0.000000 0.000000 0.000000 0.000000 0.000000 0.000000 0.000000 0.000000 0.000000 0.000000 0.000000 0.000001 0.000015 0.000211 0.001784 0.010296 0.043040 0.134786 0.322713 0.598020 0.863824 0.976124 0.863824 0.598020 0.322713 0.134786 0.043040 0.010296 0.001784 0.000211 0.000015 0.000001 0.000000 0.000000 0.000000 0.000000 0.000000 0.000000 0.000000 0.000000 0.000000 
--
0.000000 0.000000 0.000000 0.000000 0.000000 0.000000 0.000000 0.000000 0.000000 0.000000 0.000000 0.000000 0.000000 0.000000 0.000000 0.000000 0.000002 0.000012 0.000065 0.000305 0.001212 0.004157 0.012358 0.032027 0.072633 0.144587 0.253237 0.390934 0.532626 0.641013 0.681800 0.641013 0.532626 0.390934 0.253236 0.144585 0.072631 0.032025 0.012357 0.004156 0.001212 0.000305 0.000065 0.000012 0.000002 0.000000 0.000000 0.000000 0.000000 0.000000 
--
0.000000 0.000000 0.000000 0.000000 0.000000 0.000000 0.000000 0.000000 0.000000 0.000000 0.000000 0.000000 0.000000 0.000002 0.000010 0.000039 0.000139 0.000447 0.001307 0.003479 0.008462 0.018837 0.038425 0.071906 0.123560 0.195118 0.283329 0.378506 0.465375 0.526740 0.548933 0.526736 0.465365 0.378488 0.283304 0.195087 0.123525 0.071872 0.038397 0.018816 0.008449 0.003471 0.001303 0.000446 0.000139 0.000039 0.000010 0.000002 0.000000 0.000000 
--
0.000000 0.000000 0.000000 0.000000 0.000000 0.000000 0.000000 0.000000 0.000000 0.000000 0.000001 0.000005 0.000016 0.000051 0.000147 0.000397 0.001000 0.002357 0.005195 0.010723 0.020741 0.037614 0.063992 0.102179 0.153180 0.215667 0.285242 0.354465 0.413929 0.454273 0.468564 0.454244 0.413871 0.354375 0.285125 0.215530 0.153035 0.102039 0.063869 0.037515 0.020669 0.010676 0.005166 0.002341 0.000992 0.000393 0.000146 0.000050 0.000017 0.000006 
--
0.000000 0.000000 0.000000 0.000000 0.000000 0.000000 0.000000 0.000001 0.000002 0.000006 0.000017 0.000047 0.000120 0.000293 0.000677 0.001484 0.003085 0.006087 0.011402 0.020287 0.034296 0.055110 0.084190 0.122307 0.168993 0.222119 0.277747 0.330446 0.374080 0.402959 0.413046 0.402880 0.373923 0.330218 0.277460 0.221792 0.168650 0.121972 0.083888 0.054856 0.034098 0.020143 0.011305 0.006026 0.003049 0.001465 0.000668 0.000290 0.000124 0.000063 
--
0.000000 0.000000 0.000000 0.000000 0.000000 0.000001 0.000002 0.000006 0.000015 0.000036 0.000087 0.000198 0.000433 0.000905 0.001810 0.003466 0.006356 0.011167 0.018798 0.030330 0.046913 0.069580 0.098967 0.135014 0.176684 0.221810 0.267153 0.308712 0.342275 0.364110 0.371644 0.363961 0.341983 0.308294 0.266633 0.221223 0.176068 0.134410 0.098410 0.069097 0.046519 0.030026 0.018577 0.011016 0.006260 0.003409 0.001782 0.000901 0.000459 0.000278 
--
0.000000 0.000000 0.000000 0.000001 0.000002 0.000005 0.000011 0.000026 0.000059 0.000128 0.000269 0.000543 0.001057 0.001982 0.003580 0.006234 0.010464 0.016934 0.026428 0.039781 0.057764 0.080922 0.109383 0.142675 0.179595 0.218180 0.255814 0.289493 0.316200 0.333349 0.339192 0.333118 0.315752 0.288855 0.255025 0.217289 0.178658 0.141747 0.108514 0.080150 0.057113 0.039259 0.026030 0.016646 0.010268 0.006113 0.003523 0.001990 0.001154 0.000789 
--
0.000000 0.000001 0.000001 0.000003 0.000008 0.000018 0.000038 0.000080 0.000164 0.000323 0.000616 0.001137 0.002032 0.003515 0.005889 0.009553 0.015012 0.022853 0.033706 0.048171 0.066716 0.089554 0.116516 0.146947 0.179655 0.212929 0.244661 0.272545 0.294345 0.308192 0.312845 0.307877 0.293733 0.271675 0.243586 0.211713 0.178369 0.145663 0.115297 0.088451 0.065762 0.047383 0.033084 0.022387 0.014686 0.009351 0.005807 0.003572 0.002282 0.001696 
--
0.000001 0.000003 0.000005 0.000012 0.000024 0.000050 0.000099 0.000191 0.000359 0.000655 0.001160 0.001997 0.003340 0.005431 0.008582 0.013181 0.019682 0.028574 0.040336 0.055370 0.073921 0.095984 0.121227 0.148934 0.177993 0.206938 0.234055 0.257540 0.275691 0.287112 0.290890 0.286714 0.274920 0.256441 0.232694 0.205394 0.176351 0.147280 0.119638 0.094524 0.072634 0.054283 0.039456 0.027899 0.019203 0.012893 0.008497 0.005595 0.003852 0.003039 
--
0.000005 0.000008 0.000015 0.000030 0.000059 0.000113 0.000209 0.000378 0.000665 0.001141 0.001906 0.003105 0.004929 0.007627 0.011503 0.016915 0.024249 0.033896 0.046203 0.061415 0.079619 0.100672 0.124161 0.149370 0.175293 0.200677 0.224118 0.244178 0.259532 0.269110 0.272221 0.268634 0.258608 0.242860 0.222481 0.198813 0.173299 0.147346 0.122196 0.098842 0.077981 0.060008 0.045046 0.032998 0.023613 0.016555 0.011457 0.007976 0.005825 0.004802 
--
