0.000000 0.000000 0.000000 0.000000 0.000000 0.000000 0.000000 0.000000 0.000000 0.000000 0.000000 0.000000 30.000000 0.000000 0.000000 0.000000 0.000000 0.000000 0.000000 0.000000 0.000000 0.000000 0.000000 0.000000 0.000000 0.000000 0.000000 0.000000 0.000000 0.000000 0.000000 0.000000 0.000000 0.000000 0.000000 0.000000 0.000000 0.000000 0.000000 0.000000 0.000000 0.000000 0.000000 0.000000 0.000000 0.000000 0.000000 0.000000 0.000000 0.000000 
--
0.000000 0.000000 0.003146 0.015925 0.067737 0.192305 0.475186 0.942512 1.664786 2.501268 3.388226 3.994118 4.268074 3.994118 3.388226 2.501268 1.664786 0.942512 0.475186 0.192305 0.067737 0.015925 0.003146 0.000000 0.000000 0.000000 0.000000 0.000000 0.000000 0.000000 0.000000 0.000000 0.000000 0.000000 0.000000 0.000000 0.000000 0.000000 0.000000 0.000000 0.000000 0.000000 0.000000 0.000000 0.000000 0.000000 0.000000 0.000000 0.000000 0.000000 
--
0.043134 0.071659 0.136424 0.251144 0.432428 0.693931 1.040280 1.459691 1.921377 2.375473 2.762266 3.022773 3.115007 3.022773 2.762266 2.375473 1.921377 1.459690 1.040276 0.693908 0.432315 0.250686 0.134852 0.066929 0.030492 0.012639 0.004727 0.001570 0.000457 0.000112 0.000023 0.000003 0.000000 0.000000 0.000000 0.000000 0.000000 0.000000 0.000000 0.000000 0.000000 0.000000 0.000000 0.000000 0.000000 0.000000 0.000000 0.000000 0.000000 0.000000 
--
0.204503 0.253224 0.352251 0.503627 0.707859 0.961543 1.255275 1.572510 1.889966 2.179751 2.413044 2.564609 2.617178 2.564605 2.413031 2.179707 1.889835 1.572146 1.254335 0.959279 0.702740 0.492734 0.330360 0.211560 0.129239 0.075200 0.041607 0.021845 0.010859 0.005097 0.002252 0.000933 0.000361 0.000130 0.000043 0.000013 0.000004 0.000001 0.000000 0.000000 0.000000 0.000000 0.000000 0.000000 0.000000 0.000000 0.000000 0.000000 0.000000 0.000000 
--
0.413153 0.463161 0.561833 0.706133 0.890754 1.107538 1.345134 1.589146 1.822885 2.028738 2.190000 2.292854 2.328164 2.292706 2.189602 2.027846 1.821007 1.585375 1.337870 1.094095 0.866829 0.665125 0.494082 0.355163 0.246930 0.165958 0.107753 0.067541 0.040840 0.023802 0.013358 0.007211 0.003740 0.001861 0.000887 0.000404 0.000176 0.000073 0.000029 0.000011 0.000004 0.000001 0.000000 0.000000 0.000000 0.000000 0.000000 0.000000 0.000000 0.000000 
--
0.616176 0.660201 0.746147 0.869775 1.024693 1.202416 1.392591 1.583444 1.762472 1.917349 2.036958 2.112419 2.137951 2.111452 2.034676 1.912977 1.754657 1.570022 1.370263 1.166361 0.968116 0.783453 0.618021 0.475121 0.355884 0.259657 0.184481 0.127593 0.085877 0.056226 0.035795 0.022148 0.013312 0.007769 0.004399 0.002415 0.001284 0.000661 0.000329 0.000158 0.000074 0.000033 0.000014 0.000006 0.000002 0.000001 0.000000 0.000000 0.000000 0.000000 
--
0.796361 0.832933 0.904020 1.005576 1.131719 1.274971 1.426618 1.577177 1.716977 1.836797 1.928532 1.985800 2.004438 1.982806 1.921870 1.825042 1.697805 1.547155 1.380944 1.207195 1.033468 0.866341 0.711055 0.571327 0.449339 0.345865 0.260504 0.191966 0.138374 0.097548 0.067239 0.045307 0.029835 0.019195 0.012061 0.007399 0.004430 0.002588 0.001474 0.000818 0.000443 0.000233 0.000119 0.000059 0.000029 0.000014 0.000006 0.000003 0.000001 0.000001 
--
0.951586 0.981236 1.038760 1.120690 1.222051 1.336622 1.457283 1.576428 1.686429 1.780115 1.851239 1.894886 1.907789 1.888520 1.837538 1.757082 1.650939 1.524082 1.382251 1.231496 1.077741 0.926399 0.782077 0.648387 0.527855 0.421941 0.331135 0.255111 0.192922 0.143188 0.104293 0.074535 0.052259 0.035939 0.024239 0.016029 0.010391 0.006601 0.004109 0.002505 0.001496 0.000874 0.000500 0.000280 0.000153 0.000082 0.000043 0.000022 0.000012 0.000008 
--
1.084578 1.108353 1.154434 1.219967 1.300877 1.392098 1.487874 1.582097 1.668677 1.741910 1.796821 1.829468 1.837158 1.818591 1.773891 1.704539 1.613219 1.503576 1.379927 1.246947 1.109351 0.971604 0.837687 0.710920 0.593854 0.488239 0.395051 0.314567 0.246482 0.190036 0.144155 0.107580 0.078976 0.057026 0.040496 0.028279 0.019416 0.013104 0.008693 0.005667 0.003630 0.002284 0.001412 0.000857 0.000511 0.000299 0.000173 0.000100 0.000061 0.000044 
--
1.199103 1.218053 1.254761 1.306911 1.371201 1.443535 1.519269 1.593481 1.661264 1.718016 1.759701 1.783079 1.785879 1.766904 1.726061 1.664326 1.583631 1.486705 1.376866 1.257791 1.133282 1.007047 0.882507 0.762640 0.649879 0.546058 0.452395 0.369531 0.297590 0.236264 0.184913 0.142659 0.108485 0.081309 0.060059 0.043716 0.031354 0.022156 0.015423 0.010575 0.007142 0.004749 0.003110 0.002006 0.001275 0.000800 0.000498 0.000314 0.000209 0.000162 
--
1.298709 1.313743 1.342847 1.384148 1.434979 1.492028 1.551539 1.609527 1.662012 1.705240 1.735899 1.751295 1.749488 1.729381 1.690752 1.634231 1.561230 1.473822 1.374600 1.266498 1.152620 1.036062 0.919762 0.806366 0.698128 0.596853 0.503864 0.420008 0.345688 0.280918 0.225386 0.178528 0.139604 0.107765 0.082115 0.061759 0.045844 0.033584 0.024279 0.017319 0.012190 0.008465 0.005800 0.003923 0.002621 0.001735 0.001146 0.000770 0.000549 0.000447 
--
